time;gFx;gFy;gFz;TgF
0,006000;-0,0205;0,1324;0,9572;0,967
0,006000;-0,0210;0,1383;0,9166;0,927
0,012000;-0,0039;0,1485;0,9245;0,936
0,021000;0,0039;0,1446;0,9352;0,946
0,031000;0,0015;0,1358;0,9455;0,955
0,041000;-0,0088;0,1192;0,9626;0,970
0,051000;-0,0171;0,1187;0,9904;0,998
0,061000;-0,0298;0,1251;0,9997;1,008
0,077000;-0,0420;0,1329;0,9826;0,992
0,081000;-0,0430;0,1314;0,9552;0,965
0,091000;-0,0239;0,1353;0,9577;0,967
0,101000;-0,0200;0,1363;0,9787;0,988
0,111000;-0,0259;0,1412;1,0051;1,015
0,121000;-0,0366;0,1353;1,0026;1,012
0,131000;-0,0322;0,1393;0,9865;0,997
0,141000;-0,0239;0,1456;0,9694;0,981
0,151000;-0,0200;0,1476;0,9660;0,977
0,161000;-0,0161;0,1505;0,9660;0,978
0,177000;-0,0200;0,1451;0,9523;0,964
0,181000;-0,0176;0,1378;0,9425;0,953
0,191000;-0,0151;0,1373;0,9567;0,967
0,201000;-0,0215;0,1363;0,9777;0,987
0,211000;-0,0142;0,1270;0,9963;1,004
0,221000;-0,0107;0,1241;1,0222;1,030
0,231000;-0,0181;0,1251;1,0363;1,044
0,241000;-0,0371;0,1256;1,0212;1,030
0,251000;-0,0332;0,1251;1,0075;1,016
0,261000;-0,0244;0,1266;0,9953;1,004
0,277000;-0,0186;0,1192;0,9601;0,968
0,281000;-0,0205;0,1261;0,9352;0,944
0,295000;-0,0161;0,1383;0,9313;0,942
0,302000;-0,0112;0,1437;0,9391;0,950
0,311000;-0,0137;0,1451;0,9528;0,964
0,322000;-0,0112;0,1456;0,9792;0,990
0,332000;-0,0176;0,1456;0,9953;1,006
0,342000;-0,0191;0,1373;0,9767;0,987
0,351000;-0,0147;0,1353;0,9591;0,969
0,362000;-0,0132;0,1373;0,9552;0,965
0,378000;-0,0181;0,1285;0,9474;0,956
0,382000;-0,0166;0,1295;0,9513;0,960
0,391000;-0,0220;0,1256;0,9748;0,983
0,401000;-0,0264;0,1280;0,9860;0,995
0,412000;-0,0313;0,1295;0,9885;0,997
0,421000;-0,0259;0,1300;0,9914;1,000
0,432000;-0,0230;0,1324;0,9894;0,999
0,442000;-0,0210;0,1358;0,9958;1,005
0,451000;-0,0283;0,1397;0,9890;0,999
0,461000;-0,0308;0,1353;0,9767;0,987
0,482000;-0,0210;0,1383;0,9670;0,977
0,483000;-0,0210;0,1349;0,9557;0,965
0,492000;-0,0112;0,1353;0,9386;0,948
0,502000;-0,0166;0,1388;0,9416;0,952
0,521000;-0,0064;0,1334;0,9543;0,964
0,522000;-0,0054;0,1280;0,9543;0,963
0,532000;-0,0088;0,1241;0,9538;0,962
0,544000;-0,0117;0,1319;0,9679;0,977
0,552000;-0,0161;0,1305;0,9762;0,985
0,563000;-0,0215;0,1417;0,9890;0,999
0,578000;-0,0264;0,1402;0,9953;1,005
0,582000;-0,0332;0,1339;0,9914;1,001
0,592000;-0,0235;0,1290;0,9567;0,966
0,602000;-0,0068;0,1305;0,9538;0,963
0,613000;-0,0024;0,1319;0,9572;0,966
0,623000;-0,0059;0,1383;0,9689;0,979
0,632000;-0,0156;0,1358;0,9758;0,985
0,642000;-0,0093;0,1334;0,9684;0,978
0,651000;-0,0161;0,1344;0,9655;0,975
0,661000;-0,0215;0,1334;0,9719;0,981
0,678000;-0,0205;0,1295;0,9841;0,993
0,681000;-0,0161;0,1256;0,9987;1,007
0,691000;-0,0107;0,1236;1,0051;1,013
0,702000;-0,0176;0,1251;0,9973;1,005
0,711000;-0,0283;0,1178;0,9914;0,999
0,721000;-0,0332;0,1266;0,9806;0,989
0,731000;-0,0313;0,1324;0,9748;0,984
0,741000;-0,0298;0,1363;0,9601;0,970
0,752000;-0,0244;0,1368;0,9430;0,953
0,761000;-0,0176;0,1353;0,9562;0,966
0,781000;-0,0093;0,1353;0,9753;0,985
0,782000;-0,0147;0,1383;0,9802;0,990
0,792000;-0,0200;0,1373;0,9699;0,980
0,801000;-0,0098;0,1349;0,9684;0,978
0,812000;-0,0029;0,1329;0,9811;0,990
0,822000;-0,0088;0,1314;0,9704;0,979
0,831000;-0,0244;0,1353;0,9753;0,985
0,841000;-0,0293;0,1368;0,9914;1,001
0,852000;-0,0327;0,1344;0,9933;1,003
0,861000;-0,0254;0,1363;0,9841;0,994
0,879000;-0,0239;0,1329;0,9665;0,976
0,882000;-0,0186;0,1353;0,9577;0,967
0,899000;-0,0210;0,1314;0,9557;0,965
0,901000;-0,0132;0,1339;0,9709;0,980
0,911000;-0,0083;0,1295;0,9699;0,979
0,921000;-0,0054;0,1314;0,9655;0,974
0,931000;-0,0122;0,1319;0,9650;0,974
0,941000;-0,0186;0,1339;0,9655;0,975
0,951000;-0,0039;0,1334;0,9665;0,976
0,961000;-0,0078;0,1344;0,9528;0,962
0,979000;-0,0142;0,1309;0,9289;0,938
0,981000;-0,0181;0,1309;0,9401;0,949
1,000000;-0,0151;0,1280;0,9738;0,982
1,002000;-0,0112;0,1148;0,9963;1,003
1,011000;-0,0205;0,1163;0,9963;1,003
1,022000;-0,0254;0,1266;0,9792;0,988
1,031000;-0,0249;0,1329;0,9660;0,975
1,041000;-0,0205;0,1280;0,9743;0,983
1,051000;-0,0088;0,1319;0,9890;0,998
1,061000;-0,0235;0,1280;0,9816;0,990
1,078000;-0,0283;0,1314;0,9762;0,985
1,083000;-0,0269;0,1397;0,9777;0,988
1,105000;-0,0200;0,1383;0,9709;0,981
1,106000;-0,0142;0,1446;0,9635;0,974
1,111000;-0,0215;0,1319;0,9728;0,982
1,121000;-0,0122;0,1427;0,9875;0,998
1,131000;-0,0279;0,1290;0,9943;1,003
1,141000;-0,0230;0,1246;1,0031;1,011
1,151000;-0,0171;0,1275;1,0051;1,013
1,161000;-0,0151;0,1266;0,9963;1,004
1,178000;-0,0098;0,1236;0,9860;0,994
1,181000;-0,0049;0,1246;0,9772;0,985
1,199000;-0,0049;0,1236;0,9782;0,986
1,201000;-0,0142;0,1261;0,9816;0,990
1,211000;-0,0181;0,1344;0,9831;0,992
1,221000;-0,0220;0,1363;0,9699;0,980
1,231000;-0,0288;0,1373;0,9523;0,963
1,241000;-0,0181;0,1393;0,9445;0,955
1,251000;-0,0151;0,1373;0,9425;0,953
1,261000;-0,0132;0,1309;0,9484;0,957
1,278000;-0,0098;0,1300;0,9587;0,967
1,281000;-0,0103;0,1334;0,9723;0,981
1,295000;-0,0186;0,1256;0,9943;1,002
1,301000;-0,0200;0,1246;1,0070;1,015
1,311000;-0,0259;0,1305;1,0012;1,010
1,321000;-0,0225;0,1334;0,9831;0,992
1,332000;-0,0156;0,1334;0,9772;0,986
1,341000;-0,0171;0,1334;0,9767;0,986
1,351000;-0,0142;0,1344;0,9626;0,972
1,361000;-0,0147;0,1393;0,9528;0,963
1,375000;-0,0181;0,1314;0,9523;0,962
1,381000;-0,0166;0,1280;0,9640;0,973
1,398000;-0,0205;0,1256;0,9748;0,983
1,402000;-0,0220;0,1246;0,9723;0,981
1,412000;-0,0024;0,1309;0,9567;0,966
1,422000;-0,0020;0,1275;0,9499;0,958
1,432000;0,0024;0,1353;0,9714;0,981
1,442000;-0,0073;0,1358;0,9728;0,982
1,452000;-0,0127;0,1270;0,9723;0,981
1,462000;-0,0127;0,1270;0,9694;0,978
1,474000;-0,0137;0,1266;0,9670;0,975
1,481000;-0,0122;0,1261;0,9670;0,975
1,500000;-0,0156;0,1295;0,9596;0,968
1,502000;-0,0200;0,1388;0,9557;0,966
1,511000;-0,0195;0,1388;0,9552;0,965
1,522000;-0,0073;0,1417;0,9762;0,987
1,532000;-0,0020;0,1363;0,9821;0,992
1,542000;-0,0078;0,1358;0,9831;0,992
1,552000;-0,0127;0,1358;0,9894;0,999
1,562000;-0,0161;0,1388;0,9943;1,004
1,579000;-0,0147;0,1349;0,9904;1,000
1,584000;-0,0103;0,1334;0,9728;0,982
1,607000;-0,0132;0,1368;0,9547;0,965
1,608000;-0,0137;0,1373;0,9626;0,972
1,611000;-0,0078;0,1393;0,9792;0,989
1,622000;-0,0112;0,1417;0,9811;0,991
1,631000;-0,0049;0,1378;0,9787;0,988
1,641000;-0,0132;0,1300;0,9797;0,988
1,652000;-0,0156;0,1261;0,9728;0,981
1,661000;-0,0195;0,1222;0,9924;1,000
1,679000;-0,0230;0,1295;0,9948;1,003
1,682000;-0,0288;0,1349;0,9772;0,987
1,721000;-0,0308;0,1334;0,9557;0,965
1,722000;-0,0230;0,1358;0,9606;0,970
1,723000;-0,0107;0,1432;0,9596;0,970
1,723000;-0,0068;0,1446;0,9567;0,968
1,732000;-0,0103;0,1422;0,9621;0,973
1,742000;-0,0112;0,1437;0,9719;0,982
1,751000;-0,0107;0,1466;0,9665;0,978
1,762000;-0,0176;0,1441;0,9582;0,969
1,781000;-0,0210;0,1402;0,9675;0,978
1,782000;-0,0210;0,1451;0,9738;0,985
1,810000;-0,0249;0,1441;0,9538;0,965
1,811000;-0,0210;0,1397;0,9474;0,958
1,812000;-0,0147;0,1305;0,9420;0,951
1,822000;-0,0029;0,1261;0,9508;0,959
1,832000;-0,0015;0,1285;0,9504;0,959
1,842000;-0,0098;0,1266;0,9787;0,987
1,852000;-0,0215;0,1290;1,0075;1,016
1,862000;-0,0362;0,1363;1,0124;1,022
1,882000;-0,0366;0,1383;0,9933;1,004
1,884000;-0,0127;0,1319;0,9855;0,994
1,922000;0,0034;0,1378;0,9689;0,979
1,923000;0,0078;0,1515;0,9635;0,975
1,924000;-0,0024;0,1539;0,9518;0,964
1,925000;-0,0132;0,1544;0,9547;0,967
1,932000;-0,0117;0,1446;0,9631;0,974
1,942000;-0,0166;0,1231;0,9699;0,978
1,952000;-0,0195;0,1256;0,9841;0,992
1,962000;-0,0215;0,1266;0,9909;0,999
1,983000;-0,0274;0,1226;0,9880;0,996
1,984000;-0,0264;0,1309;0,9904;0,999
2,025000;-0,0327;0,1339;0,9777;0,987
2,026000;-0,0362;0,1285;0,9660;0,975
2,027000;-0,0332;0,1314;0,9665;0,976
2,027000;-0,0318;0,1349;0,9787;0,988
2,032000;-0,0376;0,1275;0,9723;0,981
2,043000;-0,0366;0,1329;0,9523;0,962
2,052000;-0,0420;0,1358;0,9416;0,952
2,062000;-0,0406;0,1368;0,9357;0,947
2,083000;-0,0318;0,1412;0,9367;0,948
2,084000;-0,0332;0,1402;0,9469;0,958
2,112000;-0,0362;0,1402;0,9621;0,973
2,113000;-0,0474;0,1427;0,9504;0,962
2,113000;-0,0528;0,1437;0,9440;0,956
2,131000;-0,0420;0,1417;0,9440;0,955
2,132000;-0,0308;0,1402;0,9523;0,963
2,149000;-0,0205;0,1329;0,9811;0,990
2,152000;-0,0083;0,1222;0,9846;0,992
2,165000;-0,0054;0,1148;0,9767;0,983
2,183000;0,0005;0,1094;0,9733;0,979
2,184000;0,0039;0,1070;0,9865;0,992
2,201000;-0,0078;0,1094;0,9904;0,996
2,202000;-0,0103;0,1070;0,9738;0,980
2,212000;-0,0010;0,1070;0,9650;0,971
2,238000;0,0103;0,1134;0,9518;0,959
2,239000;0,0171;0,1114;0,9333;0,940
2,247000;0,0200;0,1138;0,9362;0,943
2,252000;0,0230;0,1158;0,9538;0,961
2,262000;0,0318;0,1080;0,9914;0,998
2,272000;0,0357;0,1021;1,0012;1,007
2,285000;0,0298;0,1104;0,9899;0,997
2,312000;0,0308;0,1129;0,9650;0,972
2,313000;0,0322;0,1119;0,9513;0,958
2,313000;0,0357;0,1173;0,9552;0,963
2,321000;0,0474;0,1246;0,9758;0,985
2,331000;0,0366;0,1158;0,9631;0,971
2,341000;0,0386;0,1104;0,9557;0,963
2,351000;0,0484;0,1134;0,9318;0,940
2,361000;0,0415;0,1202;0,9201;0,929
2,371000;0,0318;0,1417;0,9386;0,950
2,381000;0,0235;0,1437;0,9504;0,961
2,402000;0,0235;0,1378;0,9504;0,961
2,403000;0,0210;0,1368;0,9606;0,971
2,411000;0,0220;0,1368;0,9533;0,963
2,421000;0,0230;0,1363;0,9372;0,947
2,432000;0,0352;0,1437;0,9416;0,953
2,441000;0,0357;0,1529;0,9645;0,977
2,451000;0,0318;0,1564;0,9821;0,995
2,461000;0,0366;0,1505;0,9846;0,997
2,471000;0,0445;0,1388;0,9929;1,003
2,482000;0,0430;0,1285;1,0188;1,028
2,508000;0,0381;0,1202;1,0466;1,054
2,509000;0,0366;0,1143;1,0588;1,066
2,511000;0,0376;0,1099;1,0593;1,066
2,521000;0,0401;0,1114;1,0437;1,050
2,531000;0,0410;0,1163;1,0310;1,038
2,541000;0,0410;0,1226;1,0183;1,026
2,551000;0,0484;0,1222;1,0095;1,018
2,561000;0,0581;0,1256;1,0124;1,022
2,571000;0,0572;0,1256;1,0212;1,030
2,581000;0,0352;0,1226;1,0256;1,034
2,599000;0,0186;0,1290;1,0261;1,034
2,601000;0,0064;0,1270;1,0119;1,020
2,611000;-0,0005;0,1173;0,9933;1,000
2,621000;-0,0029;0,1236;0,9826;0,990
2,632000;0,0005;0,1290;0,9650;0,974
2,641000;0,0083;0,1314;0,9499;0,959
2,651000;0,0161;0,1251;0,9518;0,960
2,661000;0,0181;0,1207;0,9547;0,963
2,671000;0,0064;0,1178;0,9582;0,965
2,681000;0,0049;0,1109;0,9631;0,969
2,694000;0,0020;0,1046;0,9679;0,974
2,701000;-0,0122;0,1016;0,9572;0,963
2,711000;-0,0210;0,1109;0,9631;0,970
2,721000;-0,0176;0,1138;0,9655;0,972
2,733000;-0,0039;0,1099;0,9621;0,968
2,741000;0,0029;0,1085;0,9596;0,966
2,751000;0,0117;0,1143;0,9635;0,970
2,761000;0,0156;0,1085;0,9596;0,966
2,771000;0,0205;0,1021;0,9709;0,976
2,781000;0,0112;0,0997;0,9704;0,976
2,791000;0,0020;0,1021;0,9587;0,964
2,801000;-0,0020;0,1055;0,9587;0,964
2,811000;-0,0015;0,1060;0,9587;0,965
2,821000;-0,0010;0,1094;0,9596;0,966
2,831000;0,0034;0,1134;0,9606;0,967
2,841000;0,0029;0,1104;0,9621;0,968
2,851000;0,0103;0,1104;0,9704;0,977
2,861000;0,0156;0,0963;0,9782;0,983
2,871000;0,0181;0,0972;0,9914;0,996
2,881000;0,0044;0,1002;0,9982;1,003
2,891000;-0,0029;0,0997;0,9880;0,993
2,901000;-0,0020;0,1016;0,9679;0,973
2,911000;-0,0020;0,1060;0,9645;0,970
2,921000;0,0049;0,1046;0,9968;1,002
2,931000;0,0049;0,1007;1,0114;1,016
2,942000;0,0078;0,1036;1,0315;1,037
2,951000;0,0049;0,1134;1,0329;1,039
2,961000;-0,0151;0,1070;1,0168;1,023
2,971000;-0,0078;0,1104;1,0105;1,016
2,981000;0,0015;0,1231;1,0075;1,015
2,992000;-0,0147;0,1207;0,9943;1,002
3,001000;-0,0259;0,1138;0,9831;0,990
3,011000;-0,0195;0,1217;0,9772;0,985
3,021000;-0,0171;0,1222;0,9743;0,982
3,031000;-0,0161;0,1192;0,9762;0,984
3,041000;-0,0210;0,1129;0,9723;0,979
3,051000;-0,0171;0,1124;0,9670;0,974
3,061000;-0,0132;0,1124;0,9758;0,982
3,071000;-0,0225;0,1085;0,9987;1,005
3,081000;-0,0200;0,1085;1,0153;1,021
3,091000;-0,0303;0,1202;1,0051;1,013
3,101000;-0,0279;0,1295;0,9836;0,992
3,111000;-0,0254;0,1324;0,9513;0,961
3,121000;-0,0166;0,1314;0,9240;0,933
3,131000;-0,0078;0,1295;0,9059;0,915
3,141000;-0,0137;0,1266;0,9157;0,924
3,151000;-0,0181;0,1236;0,9445;0,953
3,161000;-0,0288;0,1217;0,9890;0,997
3,171000;-0,0454;0,1168;1,0124;1,020
3,181000;-0,0479;0,1134;1,0153;1,023
3,191000;-0,0366;0,1261;1,0031;1,012
3,201000;-0,0235;0,1266;0,9758;0,984
3,211000;-0,0137;0,1231;0,9538;0,962
3,221000;-0,0049;0,1178;0,9401;0,947
3,231000;0,0015;0,1290;0,9259;0,935
3,241000;0,0010;0,1241;0,9508;0,959
3,251000;0,0034;0,1148;0,9811;0,988
3,261000;-0,0029;0,1163;1,0153;1,022
3,271000;-0,0083;0,1236;1,0339;1,041
3,281000;-0,0107;0,1329;1,0017;1,010
3,292000;0,0024;0,1412;0,9626;0,973
3,301000;0,0093;0,1544;0,9494;0,962
3,311000;0,0103;0,1661;0,9489;0,963
3,321000;0,0010;0,1627;0,9469;0,961
3,331000;0,0039;0,1603;0,9533;0,967
3,342000;-0,0117;0,1603;0,9533;0,967
3,352000;-0,0220;0,1647;0,9582;0,972
3,361000;-0,0215;0,1788;0,9396;0,957
3,372000;-0,0176;0,1901;0,9284;0,948
3,384000;-0,0215;0,1974;0,9489;0,969
3,412000;-0,0210;0,2121;0,9733;0,996
3,413000;-0,0191;0,2057;0,9650;0,987
3,413000;-0,0156;0,2077;0,9577;0,980
3,421000;-0,0005;0,2160;0,9567;0,981
3,431000;0,0064;0,2233;0,9420;0,968
3,442000;0,0117;0,2267;0,9249;0,952
3,451000;0,0220;0,2296;0,9269;0,955
3,462000;0,0283;0,2345;0,9318;0,961
3,472000;0,0332;0,2404;0,9279;0,959
3,483000;0,0376;0,2467;0,9215;0,955
3,517000;0,0352;0,2477;0,9069;0,941
3,518000;0,0450;0,2595;0,9064;0,944
3,519000;0,0401;0,2609;0,9132;0,951
3,521000;0,0332;0,2619;0,9235;0,960
3,531000;0,0352;0,2629;0,9205;0,958
3,542000;0,0200;0,2516;0,9225;0,956
3,551000;0,0127;0,2516;0,9381;0,971
3,561000;0,0044;0,2653;0,9518;0,988
3,571000;-0,0083;0,2810;0,9679;1,008
3,582000;-0,0137;0,2917;0,9719;1,015
3,611000;-0,0142;0,2971;0,9660;1,011
3,612000;-0,0127;0,2897;0,9469;0,990
3,613000;-0,0010;0,2858;0,9279;0,971
3,622000;0,0142;0,2829;0,9059;0,949
3,631000;0,0244;0,2741;0,8898;0,931
3,641000;0,0327;0,2800;0,8927;0,936
3,651000;0,0332;0,2946;0,9064;0,954
3,661000;0,0279;0,2941;0,9171;0,964
3,671000;0,0195;0,2888;0,9264;0,971
3,681000;0,0239;0,2971;0,9352;0,982
3,709000;0,0059;0,2956;0,9440;0,989
3,710000;0,0034;0,3015;0,9567;1,003
3,711000;0,0034;0,3059;0,9655;1,013
3,722000;0,0068;0,2981;0,9616;1,007
3,731000;0,0151;0,2966;0,9391;0,985
3,742000;0,0210;0,2839;0,9064;0,950
3,751000;0,0264;0,2766;0,8653;0,909
3,761000;0,0298;0,2810;0,8805;0,925
3,771000;0,0191;0,2985;0,9166;0,964
3,781000;-0,0024;0,3073;0,9254;0,975
3,795000;-0,0107;0,3171;0,9274;0,980
3,801000;-0,0176;0,3142;0,9157;0,968
3,811000;-0,0098;0,3137;0,8922;0,946
3,821000;-0,0064;0,3137;0,8932;0,947
3,831000;-0,0044;0,3161;0,9357;0,988
3,843000;0,0161;0,3210;1,0041;1,054
3,851000;0,0283;0,3068;1,0271;1,072
3,861000;0,0459;0,2966;1,0241;1,067
3,871000;0,0533;0,2863;1,0134;1,054
3,884000;0,0547;0,2814;1,0031;1,043
3,902000;0,0586;0,2785;1,0183;1,057
3,903000;0,0645;0,2722;1,0354;1,072
3,912000;0,0635;0,2687;1,0466;1,082
3,921000;0,0220;0,2839;1,0657;1,103
3,931000;0,0391;0,2697;1,0945;1,128
3,943000;0,0542;0,2482;1,1092;1,138
3,951000;0,0459;0,2453;1,1209;1,148
3,961000;0,0274;0,2516;1,1184;1,147
3,972000;0,0288;0,2477;1,1267;1,154
3,985000;0,0327;0,2375;1,1394;1,164
4,001000;0,0332;0,2277;1,1375;1,161
4,002000;0,0274;0,2179;1,1052;1,127
4,011000;0,0078;0,2028;1,0784;1,097
4,021000;-0,0005;0,1984;1,0603;1,079
4,031000;-0,0200;0,1984;1,0442;1,063
4,043000;-0,0249;0,1896;1,0466;1,064
4,052000;-0,0210;0,1695;1,0422;1,056
4,062000;-0,0049;0,1466;1,0422;1,052
4,072000;0,0112;0,1290;1,0349;1,043
4,086000;0,0279;0,1075;1,0227;1,029
4,114000;0,0386;0,0938;1,0246;1,030
4,115000;0,0332;0,0831;1,0466;1,050
4,115000;0,0484;0,0782;1,0740;1,078
4,122000;0,0528;0,0669;1,0798;1,083
4,132000;0,0503;0,0528;1,1023;1,105
4,143000;0,0386;0,0577;1,1096;1,112
4,152000;0,0332;0,0865;1,0945;1,098
4,162000;0,0264;0,1236;1,0749;1,082
4,172000;0,0049;0,1466;1,0393;1,050
4,185000;-0,0034;0,1617;1,0036;1,017
4,209000;-0,0122;0,1700;0,9631;0,978
4,211000;-0,0137;0,1705;0,9137;0,930
4,211000;-0,0313;0,1608;0,8898;0,905
4,221000;-0,0259;0,1603;0,8932;0,908
4,231000;-0,0195;0,1529;0,9078;0,921
4,243000;-0,0122;0,1329;0,9201;0,930
4,251000;-0,0127;0,1222;0,9103;0,919
4,261000;-0,0298;0,1261;0,9005;0,910
4,272000;-0,0542;0,1314;0,8761;0,888
4,281000;-0,0621;0,1427;0,8634;0,877
4,301000;-0,0542;0,1495;0,8424;0,857
4,302000;-0,0327;0,1539;0,7911;0,807
4,335000;-0,0220;0,1490;0,7554;0,770
4,336000;-0,0181;0,1480;0,7461;0,761
4,337000;-0,0225;0,1637;0,7661;0,784
4,343000;-0,0381;0,1901;0,7916;0,815
4,352000;-0,0635;0,2057;0,8218;0,850
4,362000;-0,0845;0,2145;0,8629;0,893
4,372000;-0,0787;0,2165;0,8780;0,908
4,382000;-0,0513;0,2150;0,8668;0,895
4,403000;-0,0166;0,2189;0,8258;0,854
4,405000;-0,0151;0,2223;0,7578;0,790
4,440000;-0,0195;0,2296;0,7104;0,747
4,441000;-0,0117;0,2355;0,7134;0,751
4,443000;-0,0029;0,2482;0,7495;0,790
4,444000;-0,0059;0,2487;0,8160;0,853
4,452000;-0,0205;0,2463;0,8751;0,909
4,462000;-0,0342;0,2648;0,9215;0,959
4,472000;-0,0479;0,2766;0,9342;0,975
4,482000;-0,0708;0,2766;0,9376;0,980
4,503000;-0,0816;0,2853;0,9318;0,978
4,504000;-0,0704;0,2902;0,9220;0,969
4,541000;-0,0606;0,2897;0,9176;0,964
4,542000;-0,0445;0,3000;0,9020;0,952
4,542000;-0,0264;0,2951;0,9030;0,950
4,543000;-0,0107;0,2946;0,9357;0,981
4,552000;-0,0064;0,2927;0,9787;1,022
4,562000;-0,0225;0,2966;1,0236;1,066
4,572000;-0,0322;0,2961;1,0510;1,092
4,581000;-0,0215;0,2883;1,0525;1,091
4,602000;-0,0132;0,2775;1,0486;1,085
4,604000;0,0010;0,2634;1,0222;1,056
4,628000;0,0093;0,2389;0,9933;1,022
4,629000;0,0024;0,2160;0,9806;1,004
4,631000;0,0034;0,2033;1,0139;1,034
4,644000;0,0078;0,1862;1,0588;1,075
4,651000;0,0015;0,1730;1,1179;1,131
4,661000;-0,0161;0,1827;1,1575;1,172
4,671000;-0,0225;0,2101;1,1707;1,190
4,681000;-0,0156;0,2184;1,1331;1,154
4,702000;0,0269;0,2336;1,0793;1,105
4,703000;0,0977;0,2340;1,0266;1,057
4,726000;0,1378;0,1867;1,0134;1,040
4,727000;0,1793;0,1471;1,0129;1,039
4,731000;0,1564;0,1217;1,0466;1,065
4,744000;0,0928;0,1007;1,1101;1,119
4,751000;0,0259;0,0948;1,1942;1,198
4,761000;-0,0254;0,0792;1,2650;1,268
4,771000;-0,0425;0,0562;1,3017;1,304
4,781000;-0,0586;0,0430;1,2963;1,298
4,796000;-0,0596;0,0474;1,2460;1,248
4,801000;-0,0347;0,0684;1,1644;1,167
4,820000;-0,0034;0,0831;1,0627;1,066
4,821000;0,0191;0,0796;0,9596;0,963
4,831000;0,0459;0,0777;0,8819;0,887
4,843000;0,0674;0,0880;0,8477;0,855
4,851000;0,0513;0,0928;0,8521;0,859
4,861000;0,0122;0,0880;0,8878;0,892
4,871000;-0,0034;0,0865;0,9098;0,914
4,881000;-0,0088;0,0860;0,9328;0,937
4,892000;0,0059;0,0865;0,9298;0,934
4,903000;0,0083;0,0772;0,9191;0,922
4,926000;0,0034;0,0684;0,8937;0,896
4,927000;0,0088;0,0513;0,8668;0,868
4,931000;0,0171;0,0430;0,8741;0,875
4,941000;0,0264;0,0454;0,8658;0,867
4,951000;0,0254;0,0562;0,8443;0,847
4,961000;0,0215;0,0601;0,8306;0,833
4,971000;0,0039;0,0704;0,8468;0,850
4,981000;-0,0259;0,0816;0,8917;0,896
4,991000;-0,0327;0,0967;0,9533;0,959
5,001000;-0,0391;0,0923;0,9860;0,991
5,028000;-0,0269;0,0728;0,9811;0,984
5,029000;-0,0103;0,0474;0,9484;0,950
5,033000;-0,0005;0,0406;0,8888;0,890
5,041000;0,0171;0,0660;0,8389;0,842
5,051000;0,0293;0,0870;0,8228;0,828
5,062000;0,0283;0,0948;0,8590;0,865
5,072000;0,0337;0,1051;0,9025;0,909
5,082000;0,0327;0,1099;0,9303;0,937
5,092000;0,0347;0,1090;0,9401;0,947
5,103000;0,0464;0,1021;0,9416;0,948
5,131000;0,0435;0,1075;0,9450;0,952
5,132000;0,0362;0,1261;0,9430;0,952
5,133000;0,0225;0,1353;0,9420;0,952
5,142000;0,0239;0,1529;0,9245;0,937
5,152000;0,0322;0,1730;0,9005;0,918
5,162000;0,0332;0,1862;0,8893;0,909
5,172000;0,0484;0,2052;0,8917;0,916
5,182000;0,0586;0,2101;0,9030;0,929
5,192000;0,0479;0,1979;0,9230;0,945
5,203000;0,0332;0,1749;0,9420;0,959
5,242000;0,0293;0,1661;0,9723;0,987
5,243000;0,0132;0,1637;0,9973;1,011
5,244000;0,0034;0,1671;1,0290;1,043
5,245000;-0,0078;0,1603;1,0574;1,069
5,252000;-0,0068;0,1412;1,0769;1,086
5,262000;-0,0059;0,1251;1,0828;1,090
5,272000;0,0029;0,1275;1,0803;1,088
5,282000;0,0156;0,1339;1,0642;1,073
5,292000;0,0107;0,1593;1,0437;1,056
5,303000;-0,0103;0,1735;1,0329;1,047
5,329000;-0,0147;0,1788;1,0368;1,052
5,331000;-0,0127;0,1862;1,0598;1,076
5,332000;-0,0088;0,1691;1,0754;1,089
5,342000;-0,0186;0,1461;1,0784;1,088
5,352000;-0,0264;0,1334;1,0994;1,108
5,362000;-0,0347;0,1163;1,1287;1,135
5,372000;-0,0308;0,0997;1,1434;1,148
5,382000;-0,0161;0,0806;1,1394;1,142
5,392000;-0,0132;0,0733;1,1165;1,119
5,404000;-0,0191;0,0689;1,0950;1,097
5,438000;-0,0156;0,0674;1,0828;1,085
5,439000;-0,0176;0,0518;1,1048;1,106
5,439000;-0,0122;0,0337;1,1297;1,130
5,442000;-0,0088;0,0259;1,1311;1,131
5,452000;0,0015;0,0303;1,1082;1,109
5,462000;0,0078;0,0293;1,0666;1,067
5,472000;0,0010;0,0381;1,0168;1,018
5,482000;-0,0010;0,0586;0,9860;0,988
5,492000;0,0191;0,0821;0,9723;0,976
5,503000;0,0112;0,0894;0,9543;0,959
5,541000;0,0176;0,1197;0,9445;0,952
5,542000;0,0147;0,1388;0,9484;0,959
5,543000;0,0083;0,1383;0,9215;0,932
5,544000;0,0034;0,1290;0,8805;0,890
5,552000;0,0024;0,1197;0,8517;0,860
5,562000;-0,0044;0,1031;0,8331;0,839
5,572000;-0,0132;0,0977;0,8648;0,870
5,582000;-0,0220;0,1002;0,8971;0,903
5,592000;-0,0342;0,0997;0,9205;0,927
5,603000;-0,0425;0,1070;0,9259;0,933
5,637000;-0,0366;0,1104;0,9284;0,936
5,638000;-0,0298;0,1075;0,9191;0,926
5,638000;-0,0166;0,1046;0,9069;0,913
5,642000;-0,0127;0,0948;0,9015;0,907
5,652000;-0,0142;0,1036;0,9118;0,918
5,662000;-0,0283;0,1236;0,9298;0,938
5,672000;-0,0410;0,1515;0,9176;0,931
5,682000;-0,0371;0,1783;0,8751;0,894
5,692000;-0,0210;0,1959;0,8106;0,834
5,703000;-0,0137;0,1994;0,7505;0,777
5,732000;-0,0054;0,2018;0,7178;0,746
5,733000;-0,0054;0,2155;0,7173;0,749
5,733000;-0,0181;0,2282;0,7212;0,757
5,742000;-0,0293;0,2345;0,7324;0,770
5,752000;-0,0376;0,2438;0,7505;0,790
5,762000;-0,0469;0,2565;0,7828;0,825
5,772000;-0,0616;0,2643;0,8248;0,868
5,782000;-0,0601;0,2722;0,8829;0,926
5,792000;-0,0552;0,2829;0,9161;0,960
5,803000;-0,0650;0,2849;0,9132;0,959
5,842000;-0,0621;0,2858;0,8800;0,927
5,843000;-0,0537;0,2849;0,8609;0,908
5,843000;-0,0469;0,2800;0,8639;0,909
5,844000;-0,0503;0,2682;0,8751;0,917
5,852000;-0,0430;0,2614;0,9210;0,958
5,862000;-0,0430;0,2555;0,9836;1,017
5,872000;-0,0474;0,2511;1,0324;1,064
5,882000;-0,0435;0,2477;1,0642;1,094
5,892000;-0,0298;0,2424;1,0759;1,103
5,903000;-0,0142;0,2345;1,0652;1,091
5,938000;0,0005;0,2233;1,0505;1,074
5,939000;-0,0044;0,2062;1,0578;1,078
5,939000;-0,0029;0,1994;1,0798;1,098
5,942000;-0,0127;0,1945;1,1199;1,137
5,952000;-0,0239;0,1798;1,1795;1,193
5,962000;-0,0479;0,1754;1,2367;1,250
5,972000;-0,0542;0,1842;1,2640;1,279
5,982000;-0,0523;0,1945;1,2679;1,284
5,992000;-0,0381;0,2086;1,2015;1,220
6,003000;0,0093;0,2116;1,1018;1,122
6,040000;0,0796;0,1920;1,0266;1,047
6,041000;0,1246;0,1422;1,0002;1,018
6,041000;0,1324;0,0884;1,0266;1,039
6,042000;0,1143;0,0523;1,1067;1,114
6,052000;0,0547;0,0166;1,2005;1,202
6,062000;-0,0151;-0,0225;1,2890;1,289
6,072000;-0,0327;-0,0630;1,3520;1,354
6,082000;-0,0371;-0,0743;1,3456;1,348
6,092000;-0,0435;-0,0743;1,2748;1,278
6,103000;-0,0371;-0,0386;1,1746;1,176
6,145000;-0,0122;0,0068;1,0681;1,068
6,146000;0,0195;0,0225;0,9601;0,961
6,147000;0,0621;0,0366;0,8800;0,883
6,148000;0,0923;0,0728;0,8047;0,813
6,152000;0,0792;0,1041;0,7725;0,783
6,162000;0,0523;0,1236;0,7764;0,788
6,172000;0,0215;0,1080;0,8179;0,825
6,182000;0,0156;0,0840;0,8692;0,873
6,192000;0,0279;0,0625;0,9142;0,917
6,206000;0,0425;0,0533;0,9333;0,936
6,239000;0,0567;0,0396;0,9376;0,940
6,240000;0,0811;0,0156;0,9372;0,941
6,241000;0,1070;-0,0064;0,9303;0,936
6,241000;0,1334;-0,0107;0,9225;0,932
6,252000;0,1510;-0,0054;0,9205;0,933
6,261000;0,1256;0,0044;0,9210;0,930
6,271000;0,0840;0,0347;0,9269;0,931
6,281000;0,0376;0,0577;0,9347;0,937
6,291000;0,0010;0,0752;0,9723;0,975
6,303000;-0,0342;0,1138;1,0021;1,009
6,346000;-0,0630;0,1309;1,0114;1,022
6,347000;-0,0547;0,1314;0,9513;0,962
6,348000;-0,0303;0,1236;0,8604;0,870
6,349000;0,0034;0,1285;0,7950;0,805
6,352000;0,0161;0,1402;0,7720;0,785
6,362000;0,0112;0,1588;0,7823;0,798
6,372000;0,0215;0,1695;0,8057;0,824
6,382000;0,0381;0,1725;0,8170;0,836
6,392000;0,0357;0,1744;0,8209;0,840
6,404000;0,0386;0,1774;0,8272;0,847
6,430000;0,0381;0,1803;0,8248;0,845
6,431000;0,0313;0,1891;0,8218;0,844
6,432000;0,0410;0,1979;0,8179;0,843
6,442000;0,0464;0,1974;0,8043;0,829
6,452000;0,0586;0,1930;0,8057;0,831
6,462000;0,0992;0,2135;0,8370;0,869
6,472000;0,1046;0,2443;0,8492;0,890
6,482000;0,0875;0,2350;0,8477;0,884
6,492000;0,0792;0,2292;0,8600;0,893
6,504000;0,0660;0,2296;0,9210;0,952
6,543000;0,0606;0,2350;0,9376;0,969
6,544000;0,0454;0,2350;0,9445;0,974
6,545000;0,0381;0,2424;0,9333;0,965
6,545000;0,0357;0,2428;0,9201;0,952
6,552000;0,0371;0,2292;0,9196;0,948
6,562000;0,0459;0,2223;0,9450;0,972
6,572000;0,0464;0,2086;0,9846;1,007
6,582000;0,0445;0,2003;1,0324;1,053
6,592000;0,0498;0,1769;1,0901;1,105
6,604000;0,0498;0,1437;1,1458;1,156
6,643000;0,0484;0,1275;1,2235;1,231
6,644000;0,0366;0,1231;1,2660;1,272
6,645000;0,0200;0,1378;1,2557;1,263
6,646000;0,0112;0,1549;1,2054;1,215
6,652000;-0,0054;0,1539;1,1209;1,131
6,662000;-0,0244;0,1393;1,0569;1,066
6,672000;-0,0254;0,1202;1,0393;1,047
6,682000;-0,0171;0,1109;1,0603;1,066
6,692000;-0,0098;0,0972;1,0867;1,091
6,702000;0,0083;0,0972;1,1175;1,122
6,734000;0,0020;0,0836;1,1502;1,153
6,735000;-0,0034;0,0537;1,1609;1,162
6,735000;0,0098;0,0068;1,1727;1,173
6,742000;0,0137;-0,0249;1,2015;1,202
6,752000;0,0166;-0,0274;1,2103;1,211
6,762000;0,0068;-0,0147;1,2083;1,208
6,772000;-0,0054;0,0044;1,1668;1,167
6,782000;-0,0083;0,0215;1,0974;1,098
6,792000;-0,0059;0,0450;1,0261;1,027
6,805000;0,0064;0,0718;0,9787;0,981
6,837000;0,0083;0,0816;0,9386;0,942
6,838000;0,0083;0,0782;0,9161;0,920
6,838000;0,0088;0,0787;0,9372;0,940
6,842000;-0,0029;0,0772;0,9709;0,974
6,852000;-0,0103;0,0699;1,0007;1,003
6,863000;-0,0112;0,0508;1,0222;1,024
6,872000;-0,0181;0,0337;1,0192;1,020
6,882000;-0,0156;0,0279;0,9870;0,988
6,892000;-0,0073;0,0410;0,9401;0,941
6,904000;0,0107;0,0479;0,8888;0,890
6,939000;0,0225;0,0562;0,8458;0,848
6,940000;0,0298;0,0660;0,8155;0,819
6,941000;0,0337;0,0801;0,7906;0,795
6,942000;0,0298;0,0884;0,7657;0,771
6,952000;0,0225;0,0953;0,7603;0,767
6,962000;-0,0020;0,1007;0,7671;0,774
6,972000;-0,0244;0,1046;0,7823;0,790
6,982000;-0,0362;0,1085;0,8072;0,815
6,992000;-0,0327;0,1241;0,8209;0,831
7,005000;-0,0235;0,1344;0,8126;0,824
7,040000;-0,0137;0,1344;0,8018;0,813
7,041000;-0,0044;0,1383;0,7935;0,805
7,041000;-0,0132;0,1422;0,7935;0,806
7,042000;-0,0225;0,1461;0,8101;0,823
7,052000;-0,0401;0,1534;0,8306;0,846
7,062000;-0,0591;0,1622;0,8629;0,880
7,072000;-0,0669;0,1652;0,8756;0,894
7,082000;-0,0777;0,1652;0,8795;0,898
7,092000;-0,0635;0,1656;0,8854;0,903
7,103000;-0,0552;0,1705;0,8863;0,904
7,129000;-0,0562;0,1823;0,8981;0,918
7,130000;-0,0523;0,1827;0,9069;0,927
7,132000;-0,0371;0,1813;0,9254;0,944
7,142000;-0,0386;0,1764;0,9381;0,955
7,152000;-0,0415;0,1818;0,9538;0,972
7,163000;-0,0337;0,1793;0,9547;0,972
7,172000;-0,0235;0,1676;0,9562;0,971
7,182000;-0,0142;0,1725;0,9675;0,983
7,192000;-0,0161;0,1754;0,9836;0,999
7,205000;-0,0318;0,1730;0,9894;1,005
7,244000;-0,0298;0,1622;0,9958;1,009
7,245000;-0,0347;0,1353;1,0183;1,028
7,246000;-0,0337;0,1138;1,0657;1,072
7,246000;-0,0303;0,0943;1,1292;1,134
7,252000;-0,0396;0,0909;1,1824;1,187
7,264000;-0,0415;0,1021;1,2259;1,231
7,272000;-0,0381;0,1226;1,2171;1,224
7,282000;-0,0235;0,1373;1,1605;1,169
7,292000;0,0327;0,1231;1,0901;1,098
7,303000;0,0894;0,1085;1,0285;1,038
7,339000;0,1197;0,0880;1,0061;1,017
7,340000;0,1021;0,0616;1,0075;1,015
7,340000;0,0684;0,0415;1,0534;1,056
7,342000;0,0259;0,0176;1,1282;1,129
7,352000;-0,0215;-0,0137;1,2044;1,205
7,363000;-0,0552;-0,0528;1,2743;1,277
7,372000;-0,0718;-0,0665;1,3158;1,319
7,382000;-0,0635;-0,0655;1,3017;1,305
7,392000;-0,0425;-0,0591;1,2562;1,258
7,405000;-0,0093;-0,0498;1,1956;1,197
7,438000;0,0156;-0,0415;1,1135;1,114
7,439000;0,0484;-0,0357;1,0422;1,044
7,440000;0,0821;-0,0420;0,9943;0,999
7,442000;0,0938;-0,0601;0,9806;0,987
7,452000;0,1036;-0,0567;1,0085;1,015
7,463000;0,0914;-0,0528;1,0632;1,068
7,472000;0,0611;-0,0450;1,1028;1,105
7,482000;0,0420;-0,0279;1,1311;1,132
7,492000;0,0503;-0,0029;1,1350;1,136
7,505000;0,0567;0,0054;1,0823;1,084
7,541000;0,0450;0,0137;0,9938;0,995
7,542000;0,0523;0,0445;0,9010;0,904
7,542000;0,0489;0,0635;0,8209;0,825
7,543000;0,0484;0,0743;0,7740;0,779
7,552000;0,0459;0,0796;0,7642;0,770
7,563000;0,0366;0,0870;0,7613;0,767
7,572000;0,0122;0,0845;0,7661;0,771
7,582000;-0,0137;0,0884;0,7925;0,798
7,592000;-0,0288;0,0933;0,8184;0,824
7,608000;-0,0401;0,0948;0,8409;0,847
7,612000;-0,0518;0,0923;0,8551;0,862
7,650000;-0,0528;0,0967;0,8526;0,860
7,651000;-0,0415;0,0997;0,8028;0,810
7,652000;-0,0220;0,1085;0,7578;0,766
7,652000;-0,0034;0,1046;0,7222;0,730
7,663000;0,0112;0,1109;0,7002;0,709
7,671000;0,0166;0,1178;0,6753;0,686
7,682000;0,0200;0,1290;0,6767;0,689
7,692000;0,0186;0,1393;0,7104;0,724
7,702000;0,0288;0,1466;0,7530;0,768
7,712000;0,0371;0,1505;0,7720;0,787
7,735000;0,0552;0,1515;0,8003;0,816
7,736000;0,0684;0,1412;0,8238;0,839
7,742000;0,0674;0,1476;0,8409;0,856
7,752000;0,0660;0,1715;0,8531;0,873
7,762000;0,0474;0,1945;0,8619;0,885
7,771000;0,0352;0,2038;0,8946;0,918
7,789000;0,0181;0,2047;0,9171;0,940
7,791000;0,0151;0,2062;0,9186;0,942
7,829000;0,0029;0,2096;0,9367;0,960
7,829000;-0,0107;0,2238;0,9460;0,972
7,829000;-0,0151;0,2155;0,9655;0,989
7,831000;0,0093;0,2047;0,9958;1,017
7,841000;0,0215;0,1852;1,0363;1,053
7,851000;0,0225;0,1671;1,1043;1,117
7,861000;0,0132;0,1534;1,1903;1,200
7,871000;-0,0117;0,1261;1,2557;1,262
7,882000;-0,0264;0,1266;1,3007;1,307
7,891000;-0,0235;0,1466;1,2851;1,294
7,906000;-0,0235;0,1539;1,2137;1,224
7,912000;-0,0132;0,1485;1,1473;1,157
7,922000;-0,0015;0,1388;1,1160;1,125
7,932000;0,0176;0,1290;1,1248;1,132
7,942000;0,0015;0,0963;1,1575;1,162
7,952000;-0,0293;0,0577;1,2362;1,238
7,962000;-0,0493;0,0279;1,3144;1,316
7,972000;-0,0625;0,0005;1,3329;1,334
7,988000;-0,0684;-0,0283;1,2924;1,294
7,992000;-0,0684;-0,0493;1,2460;1,249
8,030000;-0,0621;-0,0718;1,2274;1,231
8,031000;-0,0528;-0,0752;1,2293;1,233
8,032000;-0,0450;-0,0660;1,2269;1,230
8,032000;-0,0410;-0,0616;1,1883;1,191
8,042000;-0,0445;-0,0635;1,1306;1,133
8,052000;-0,0440;-0,0489;1,0808;1,083
8,062000;-0,0332;-0,0186;1,0295;1,030
8,072000;-0,0410;-0,0029;0,9733;0,974
8,087000;-0,0454;0,0171;0,9367;0,938
8,092000;-0,0396;0,0435;0,9113;0,913
8,126000;-0,0371;0,0469;0,8824;0,884
8,128000;-0,0371;0,0376;0,8639;0,865
8,128000;-0,0327;0,0337;0,8878;0,889
8,132000;-0,0322;0,0161;0,9220;0,923
8,142000;-0,0391;-0,0020;0,9782;0,979
8,152000;-0,0454;-0,0073;1,0300;1,031
8,162000;-0,0577;-0,0127;1,0422;1,044
8,172000;-0,0689;-0,0122;0,9904;0,993
8,188000;-0,0826;-0,0088;0,9220;0,926
8,192000;-0,0748;-0,0088;0,8688;0,872
8,232000;-0,0572;0,0059;0,8355;0,838
8,233000;-0,0322;0,0024;0,8209;0,822
8,233000;-0,0205;-0,0059;0,8262;0,827
8,234000;-0,0259;-0,0034;0,8482;0,849
8,242000;-0,0459;0,0059;0,8785;0,880
8,252000;-0,0679;0,0073;0,9025;0,905
8,262000;-0,0713;0,0147;0,9313;0,934
8,272000;-0,0679;0,0279;0,9435;0,946
8,287000;-0,0581;0,0406;0,9245;0,927
8,292000;-0,0552;0,0425;0,8888;0,892
8,327000;-0,0474;0,0601;0,8360;0,840
8,328000;-0,0406;0,0757;0,7979;0,803
8,328000;-0,0366;0,0899;0,7710;0,777
8,332000;-0,0337;0,1016;0,7588;0,766
8,342000;-0,0440;0,1143;0,7852;0,795
8,352000;-0,0518;0,1207;0,8165;0,827
8,362000;-0,0679;0,1217;0,8502;0,862
8,372000;-0,0767;0,1275;0,8785;0,891
8,387000;-0,0884;0,1412;0,8756;0,891
8,392000;-0,0850;0,1583;0,8477;0,867
8,423000;-0,0772;0,1725;0,8218;0,843
8,425000;-0,0537;0,1827;0,7920;0,815
8,425000;-0,0376;0,1803;0,7823;0,804
8,432000;-0,0303;0,1827;0,8008;0,822
8,442000;-0,0269;0,1720;0,8394;0,857
8,452000;-0,0288;0,1568;0,8966;0,911
8,462000;-0,0357;0,1500;0,9489;0,961
8,472000;-0,0332;0,1417;1,0065;1,017
8,490000;-0,0225;0,1280;1,0510;1,059
8,492000;-0,0083;0,0997;1,0642;1,069
8,524000;0,0073;0,0767;1,0588;1,062
8,525000;0,0117;0,0606;1,0588;1,061
8,526000;0,0098;0,0484;1,0759;1,077
8,533000;0,0098;0,0259;1,1258;1,126
8,542000;0,0151;0,0283;1,1912;1,192
8,552000;0,0195;0,0586;1,2333;1,235
8,562000;0,0054;0,0801;1,2000;1,203
8,572000;0,0083;0,0909;1,1116;1,115
8,590000;0,0298;0,0875;1,0456;1,050
8,592000;0,0572;0,0611;1,0183;1,022
8,635000;0,0806;0,0391;1,0622;1,066
8,637000;0,0699;0,0078;1,1350;1,137
8,637000;0,0474;-0,0254;1,2010;1,202
8,638000;0,0254;-0,0474;1,2391;1,240
8,642000;0,0020;-0,0464;1,2499;1,251
8,652000;-0,0034;-0,0396;1,2381;1,239
8,662000;-0,0073;-0,0347;1,2035;1,204
8,672000;-0,0029;-0,0098;1,1644;1,164
8,687000;-0,0010;0,0205;1,1077;1,108
8,692000;0,0059;0,0679;1,0554;1,058
8,714000;0,0156;0,0963;1,0007;1,005
8,715000;0,0156;0,1051;0,9533;0,959
8,722000;0,0406;0,1114;0,9386;0,946
8,732000;0,0665;0,1011;0,9303;0,938
8,742000;0,0880;0,0953;0,9289;0,938
8,752000;0,1007;0,0997;0,9420;0,953
8,762000;0,1065;0,1007;0,9518;0,963
8,772000;0,1094;0,0909;0,9489;0,959
8,782000;0,1143;0,0752;0,9489;0,959
8,792000;0,1217;0,0474;0,9513;0,960
8,802000;0,1280;0,0151;0,9723;0,981
8,812000;0,1129;-0,0054;1,0158;1,022
8,836000;0,0787;-0,0088;1,0803;1,083
8,837000;0,0415;-0,0034;1,1101;1,111
8,842000;0,0117;0,0156;1,1150;1,115
8,852000;0,0078;0,0508;1,0896;1,091
8,862000;0,0093;0,0836;1,0139;1,017
8,872000;0,0088;0,0884;0,9127;0,917
8,882000;0,0044;0,0860;0,8253;0,830
8,892000;0,0005;0,0938;0,7832;0,789
8,908000;-0,0171;0,1148;0,7564;0,765
8,912000;-0,0406;0,1363;0,7544;0,768
8,938000;-0,0581;0,1437;0,7446;0,761
8,940000;-0,0728;0,1334;0,7383;0,754
8,942000;-0,0694;0,1334;0,7359;0,751
8,952000;-0,0547;0,1441;0,7515;0,767
8,962000;-0,0406;0,1642;0,7622;0,781
8,972000;-0,0235;0,1749;0,7569;0,777
8,982000;0,0112;0,1847;0,7246;0,748
8,992000;0,0142;0,1862;0,7104;0,735
9,009000;0,0347;0,1920;0,6987;0,725
9,012000;0,0650;0,2008;0,7056;0,736
9,052000;0,0733;0,2116;0,7437;0,777
9,053000;0,0767;0,2189;0,8003;0,833
9,053000;0,0787;0,2199;0,8546;0,886
9,054000;0,0689;0,2140;0,8893;0,917
9,062000;0,0577;0,2062;0,9152;0,940
9,072000;0,0518;0,1945;0,9416;0,963
9,082000;0,0479;0,1818;0,9670;0,985
9,091000;0,0425;0,1744;0,9675;0,984
9,104000;0,0376;0,1749;0,9631;0,980
9,111000;0,0308;0,1798;0,9611;0,978
9,123000;0,0274;0,1867;0,9699;0,988
9,132000;0,0332;0,1823;0,9880;1,005
9,141000;0,0337;0,1827;1,0207;1,037
9,151000;0,0200;0,1656;1,0613;1,074
9,161000;0,0068;0,1402;1,0984;1,107
9,171000;0,0020;0,1295;1,1473;1,155
9,182000;-0,0098;0,1241;1,1971;1,204
9,191000;-0,0279;0,1476;1,2152;1,224
9,201000;-0,0410;0,1695;1,1595;1,173
9,211000;-0,0528;0,1867;1,0974;1,114
9,222000;-0,0303;0,1779;1,0740;1,089
9,244000;-0,0005;0,1666;1,0622;1,075
9,245000;-0,0049;0,1495;1,0662;1,077
9,253000;-0,0318;0,1231;1,0862;1,094
9,261000;-0,0503;0,1011;1,1160;1,122
9,272000;-0,0557;0,0782;1,1634;1,167
9,282000;-0,0655;0,0513;1,1903;1,193
9,292000;-0,0743;0,0259;1,2201;1,223
9,302000;-0,0625;0,0098;1,2293;1,231
9,312000;-0,0332;-0,0186;1,2254;1,226
9,323000;0,0020;-0,0591;1,2127;1,214
9,352000;0,0298;-0,0850;1,2181;1,221
9,354000;0,0337;-0,1021;1,2518;1,256
9,355000;0,0244;-0,1129;1,2894;1,295
9,362000;-0,0015;-0,0894;1,3090;1,312
9,372000;-0,0313;-0,0489;1,2811;1,282
9,382000;-0,0547;-0,0103;1,2186;1,220
9,392000;-0,0669;0,0112;1,1267;1,129
9,402000;-0,0728;0,0235;1,0153;1,018
9,412000;-0,0679;0,0503;0,9245;0,928
9,425000;-0,0665;0,0821;0,8678;0,874
9,454000;-0,0752;0,0967;0,8492;0,858
9,456000;-0,0762;0,0948;0,8565;0,865
9,456000;-0,0586;0,0880;0,8810;0,887
9,462000;-0,0493;0,0704;0,8966;0,901
9,472000;-0,0493;0,0586;0,8971;0,900
9,483000;-0,0406;0,0489;0,8829;0,885
9,492000;-0,0181;0,0435;0,8482;0,850
9,502000;0,0088;0,0396;0,8140;0,815
9,512000;0,0171;0,0352;0,8033;0,804
9,525000;0,0107;0,0386;0,8165;0,817
9,565000;0,0049;0,0489;0,8209;0,822
9,567000;0,0122;0,0645;0,8150;0,818
9,567000;0,0083;0,0669;0,7945;0,797
9,568000;0,0107;0,0660;0,7886;0,791
9,572000;0,0039;0,0757;0,7979;0,802
9,583000;0,0020;0,0894;0,8106;0,816
9,592000;-0,0181;0,0909;0,8258;0,831
9,602000;-0,0200;0,1168;0,8111;0,820
9,612000;0,0039;0,1344;0,7916;0,803
9,625000;-0,0147;0,1456;0,7642;0,778
9,658000;-0,0176;0,1608;0,7588;0,776
9,659000;-0,0147;0,1578;0,7813;0,797
9,660000;-0,0083;0,1647;0,8067;0,823
9,662000;-0,0171;0,1774;0,8297;0,849
9,672000;-0,0357;0,1891;0,8648;0,886
9,684000;-0,0577;0,1803;0,9000;0,920
9,692000;-0,0743;0,1730;0,9191;0,938
9,702000;-0,0845;0,1823;0,9342;0,956
9,712000;-0,0884;0,1969;0,9157;0,941
9,726000;-0,0792;0,1998;0,9015;0,927
9,759000;-0,0547;0,1954;0,8932;0,916
9,760000;-0,0308;0,1705;0,9054;0,922
9,761000;-0,0127;0,1476;0,9416;0,953
9,762000;0,0020;0,1373;0,9958;1,005
9,772000;0,0049;0,1231;1,0383;1,046
9,784000;-0,0151;0,0958;1,0784;1,083
9,792000;-0,0259;0,0787;1,1350;1,138
9,802000;-0,0435;0,0630;1,1751;1,178
9,812000;-0,0601;0,0435;1,1991;1,201
9,823000;-0,0230;0,0279;1,2269;1,227
9,852000;-0,0015;0,0454;1,2318;1,233
9,853000;0,0293;0,0855;1,1502;1,154
9,853000;0,0498;0,1016;1,0451;1,051
9,861000;0,1222;0,1261;0,9670;0,983
9,871000;0,1774;0,1163;0,9225;0,947
9,884000;0,1989;0,0884;0,9132;0,939
9,891000;0,1959;0,0826;0,9587;0,982
9,901000;0,1505;0,0816;1,0383;1,052
9,912000;0,0699;0,0586;1,1473;1,151
9,925000;0,0029;0,0176;1,2484;1,249
9,958000;-0,0039;-0,0308;1,3295;1,330
9,959000;-0,0073;-0,0826;1,4111;1,414
9,960000;-0,0093;-0,0865;1,4380;1,441
9,962000;-0,0122;-0,0655;1,3999;1,401
9,972000;-0,0161;-0,0362;1,2855;1,286
9,983000;0,0034;0,0015;1,1394;1,139
9,992000;0,0259;0,0327;0,9963;0,997
10,002000;0,0650;0,0464;0,8976;0,901
10,012000;0,0772;0,0660;0,8316;0,838
10,024000;0,0704;0,0875;0,8350;0,843
10,056000;0,0493;0,1065;0,8766;0,884
10,057000;0,0064;0,0977;0,9484;0,953
10,058000;-0,0064;0,0977;1,0339;1,039
10,062000;0,0010;0,0943;1,0852;1,089
10,072000;0,0107;0,0738;1,1311;1,134
10,084000;0,0337;0,0591;1,1306;1,133
10,092000;0,0415;0,0489;1,0940;1,096
10,102000;0,0523;0,0440;1,0349;1,037
10,112000;0,0601;0,0454;0,9846;0,987
10,125000;0,0704;0,0440;0,9357;0,939
10,156000;0,0767;0,0430;0,9000;0,904
10,158000;0,0914;0,0503;0,8673;0,874
10,158000;0,1041;0,0694;0,8341;0,843
10,162000;0,0733;0,0821;0,8150;0,822
10,172000;0,0313;0,1090;0,8267;0,834
10,182000;-0,0371;0,1441;0,8536;0,866
10,192000;-0,0645;0,1681;0,8937;0,912
10,209000;-0,0435;0,1681;0,8868;0,904
10,213000;-0,0054;0,1485;0,8233;0,837
10,239000;0,0029;0,1554;0,7911;0,806
10,240000;-0,0122;0,1637;0,7530;0,771
10,241000;-0,0039;0,1617;0,7192;0,737
10,251000;0,0454;0,1002;0,6577;0,667
10,262000;0,0909;0,1583;0,6557;0,681
10,272000;0,0406;0,2072;0,7060;0,737
10,282000;-0,0792;0,0928;0,6943;0,705
10,291000;0,0537;0,1564;0,8487;0,865
10,304000;0,0811;0,2951;1,1013;1,143
10,311000;-0,0107;0,2951;1,2416;1,276
10,325000;-0,0303;0,2296;1,1101;1,134
10,331000;0,0230;0,1871;0,8883;0,908
10,341000;0,1060;0,1969;0,7745;0,806
10,351000;0,1676;0,2199;0,7617;0,810
10,361000;0,2101;0,2018;0,8091;0,860
10,371000;0,1246;0,1867;0,8038;0,835
10,381000;0,0093;0,1871;0,8218;0,843
10,391000;0,0459;0,3210;1,0061;1,057
10,405000;-0,0044;0,2873;1,0500;1,089
10,411000;0,0225;0,2350;1,0867;1,112
10,429000;0,1490;0,1705;1,2396;1,260
10,431000;0,1261;0,1681;1,1580;1,177
10,441000;0,1349;0,1373;1,2220;1,237
10,451000;0,1881;0,1554;1,2802;1,303
10,461000;0,1656;0,1182;1,2328;1,249
10,471000;0,1412;0,0845;1,2250;1,236
10,481000;0,1945;0,0948;1,1419;1,162
10,491000;0,2370;0,1451;1,0583;1,094
10,503000;0,2419;0,1920;1,0012;1,048
10,511000;0,2072;0,2204;0,9802;1,026
10,521000;0,2038;0,2404;1,0412;1,088
10,531000;0,1808;0,2399;1,1253;1,165
10,541000;0,2008;0,2472;1,1565;1,200
10,551000;0,1940;0,2267;1,1663;1,204
10,561000;0,1705;0,1989;1,1629;1,192
10,571000;0,1823;0,1827;1,1228;1,152
10,581000;0,1612;0,1305;1,1233;1,142
10,591000;0,1656;0,1036;1,1639;1,180
10,603000;0,1182;0,0845;1,2176;1,226
10,611000;0,0586;0,0796;1,1668;1,171
10,621000;0,0362;0,0845;1,0608;1,065
10,631000;0,0537;0,0704;1,0256;1,029
10,641000;0,0816;0,0757;1,1277;1,133
10,651000;0,1055;0,1099;1,1492;1,159
10,661000;0,1202;0,1256;1,0994;1,113
10,671000;0,1124;0,1319;1,0100;1,025
10,681000;0,0992;0,1309;0,9518;0,966
10,691000;0,1256;0,1314;0,8932;0,911
10,703000;0,1666;0,1378;0,8419;0,869
10,711000;0,1793;0,1422;0,7842;0,817
10,721000;0,1779;0,1510;0,8091;0,842
10,731000;0,1290;0,1451;0,8052;0,828
10,741000;0,0279;0,1261;0,8375;0,847
10,751000;0,0166;0,1339;0,8336;0,844
10,761000;0,0308;0,1353;0,8106;0,822
10,771000;0,0142;0,1329;0,7798;0,791
10,781000;0,0430;0,1441;0,7349;0,750
10,791000;0,0708;0,1622;0,8018;0,821
10,803000;0,0606;0,1495;0,8370;0,852
10,811000;0,1119;0,1559;0,8795;0,900
10,821000;0,1349;0,1705;0,9030;0,929
10,831000;0,1031;0,1744;0,8497;0,874
10,841000;0,1314;0,2067;0,8805;0,914
10,851000;0,1134;0,2086;0,8331;0,866
10,861000;0,0972;0,1969;0,8492;0,877
10,871000;0,0630;0,1744;0,8135;0,834
10,881000;0,1031;0,1930;0,7823;0,812
10,891000;0,0889;0,1744;0,7573;0,782
10,908000;0,0782;0,1637;0,7916;0,812
10,911000;0,0577;0,1793;0,8477;0,868
10,922000;0,0410;0,1867;0,9118;0,932
10,931000;0,1529;0,2101;1,0109;1,044
10,941000;0,1656;0,1881;0,9557;0,988
10,952000;0,1754;0,1744;0,8986;0,932
10,961000;0,2125;0,1739;0,8302;0,874
10,972000;0,1998;0,1617;0,7446;0,788
10,981000;0,1881;0,1593;0,7163;0,758
10,991000;0,1529;0,1280;0,7681;0,794
11,010000;0,1529;0,0855;0,8780;0,895
11,012000;0,1515;0,0386;0,9665;0,979
11,030000;0,2384;0,0464;1,0867;1,113
11,031000;0,3450;0,0586;1,1986;1,249
11,041000;0,3078;0,0186;1,1995;1,239
11,051000;0,2453;-0,0147;1,1482;1,174
11,061000;0,2121;-0,0195;1,1023;1,123
11,071000;0,1847;-0,0161;1,0574;1,073
11,081000;0,1749;-0,0073;0,9723;0,988
11,091000;0,1642;0,0064;0,8751;0,890
11,109000;0,1480;0,0288;0,8585;0,872
11,111000;0,1612;0,0518;0,9846;0,999
11,124000;0,1979;0,0513;1,1360;1,154
11,131000;0,1901;0,0425;1,1394;1,156
11,141000;0,1593;0,0322;1,0745;1,087
11,152000;0,1524;0,0401;0,9802;0,993
11,161000;0,1393;0,0621;0,9137;0,926
11,171000;0,1275;0,0860;0,8678;0,881
11,181000;0,1187;0,1207;0,8517;0,868
11,191000;0,1549;0,1309;0,7828;0,809
11,209000;0,1515;0,1383;0,7686;0,795
11,212000;0,1388;0,1349;0,8228;0,845
11,229000;0,1222;0,1344;1,0090;1,025
11,232000;0,1305;0,1124;1,1492;1,162
11,241000;0,1593;0,0801;1,1263;1,140
11,253000;0,1417;0,0547;0,9772;0,989
11,261000;0,0894;0,0635;0,9821;0,988
11,271000;0,0772;0,0635;1,1023;1,107
11,281000;0,0953;0,0342;1,1595;1,164
11,291000;0,0723;0,0230;1,1864;1,189
11,307000;0,1236;-0,0034;1,1492;1,156
11,311000;0,1779;-0,0147;1,1189;1,133
11,322000;0,2487;0,0420;1,0789;1,108
11,331000;0,2663;0,0919;1,0500;1,087
11,341000;0,2296;0,0855;1,0271;1,056
11,352000;0,2042;0,0630;0,9303;0,955
11,361000;0,1627;0,0410;0,8238;0,841
11,371000;0,1168;0,0362;0,7769;0,786
11,382000;0,0425;0,0425;0,8932;0,895
11,391000;0,0176;0,0699;1,0569;1,059
11,411000;0,0811;0,0870;1,1482;1,154
11,412000;0,1388;0,0796;1,1854;1,196
11,431000;0,1305;0,0591;1,1434;1,152
11,432000;0,1051;0,0371;1,0090;1,015
11,441000;0,0322;0,1109;0,9054;0,913
11,452000;0,1285;0,1065;0,8961;0,912
11,461000;0,1940;0,0650;0,9303;0,953
11,471000;0,2340;0,0254;0,9445;0,973
11,482000;0,1940;0,0332;0,9968;1,016
11,491000;0,0845;0,0767;1,0740;1,080
11,508000;0,0464;0,1007;1,1478;1,153
11,511000;0,0914;0,1407;1,1629;1,175
11,522000;0,1485;0,1647;1,1282;1,150
11,531000;0,1906;0,1280;1,0451;1,070
11,541000;0,1915;0,1002;0,9186;0,944
11,552000;0,2121;0,0894;0,8131;0,845
11,561000;0,2003;0,0782;0,7788;0,808
11,571000;0,1832;0,0645;0,8072;0,830
11,581000;0,1695;0,0533;0,8834;0,901
11,591000;0,1940;0,0889;0,9997;1,022
11,608000;0,2028;0,1226;1,0828;1,108
11,611000;0,1969;0,1158;1,0779;1,102
11,636000;0,1612;0,1099;1,0061;1,025
11,637000;0,1334;0,0816;0,9010;0,914
11,642000;0,1476;0,0987;0,8126;0,832
11,653000;0,1285;0,1285;0,7852;0,806
11,661000;0,1060;0,1319;0,8223;0,840
11,671000;0,0826;0,1515;0,8727;0,890
11,681000;0,0674;0,1681;0,9552;0,972
11,691000;0,0327;0,1490;0,9948;1,006
11,709000;-0,0147;0,1334;1,0124;1,021
11,711000;-0,0327;0,1373;1,0114;1,021
11,735000;-0,0640;0,1666;0,9440;0,961
11,735000;-0,0640;0,1749;0,9220;0,941
11,741000;0,1212;0,1666;0,9528;0,975
11,752000;0,1632;0,1222;0,9997;1,020
11,761000;0,1495;0,0933;1,0417;1,057
11,771000;0,0919;0,0855;1,0437;1,051
11,782000;0,0034;0,0811;1,0144;1,018
11,792000;-0,0445;0,0845;0,9831;0,988
11,811000;-0,0689;0,0792;0,9714;0,977
11,812000;-0,0391;0,0401;0,9890;0,991
11,841000;-0,0430;0,0044;1,0486;1,049
11,842000;-0,0533;0,0235;1,0911;1,093
11,843000;-0,0376;0,0757;1,1199;1,123
11,853000;-0,0660;0,1041;1,1018;1,109
11,861000;-0,0958;0,0977;1,0613;1,070
11,871000;-0,1104;0,0880;1,0276;1,037
11,881000;-0,1099;0,0963;0,9948;1,005
11,891000;-0,1119;0,1114;0,9743;0,987
11,908000;-0,1241;0,1212;0,9748;0,990
11,911000;-0,1476;0,1182;1,0105;1,028
11,929000;-0,1603;0,0943;1,0236;1,040
11,931000;-0,1627;0,0762;1,0207;1,036
11,941000;-0,1568;0,0743;1,0065;1,021
11,952000;-0,1656;0,0836;0,9860;1,003
11,961000;-0,1529;0,0801;0,9518;0,967
11,971000;-0,1319;0,0894;0,9259;0,940
11,981000;-0,1402;0,0919;0,9259;0,941
11,991000;-0,1412;0,1007;0,9391;0,955
12,007000;-0,1432;0,1104;0,9289;0,946
12,011000;-0,1471;0,1046;0,9054;0,923
12,022000;-0,1407;0,1104;0,8937;0,911
12,031000;-0,1349;0,1134;0,9127;0,930
12,041000;-0,1226;0,1266;0,9504;0,967
12,051000;-0,1329;0,1305;0,9640;0,982
12,061000;-0,1495;0,1290;0,9450;0,965
12,071000;-0,1539;0,1324;0,9118;0,934
12,081000;-0,1427;0,1383;0,9078;0,929
12,091000;-0,1305;0,1334;0,9323;0,951
12,107000;-0,1187;0,1182;0,9616;0,976
12,112000;-0,1109;0,1031;0,9704;0,982
12,121000;-0,0987;0,0728;0,9694;0,977
12,131000;-0,0953;0,0542;0,9670;0,973
12,141000;-0,1011;0,0596;0,9963;1,003
12,152000;-0,1192;0,0699;1,0310;1,040
12,161000;-0,1192;0,0914;1,0583;1,069
12,171000;-0,1060;0,1011;1,0539;1,064
12,181000;-0,1016;0,0880;1,0222;1,031
12,191000;-0,0972;0,0752;0,9831;0,991
12,206000;-0,0865;0,0870;0,9450;0,953
12,211000;-0,1011;0,1148;0,8961;0,909
12,221000;-0,1261;0,1305;0,8688;0,887
12,231000;-0,1353;0,1495;0,8634;0,887
12,241000;-0,1251;0,1622;0,8751;0,899
12,252000;-0,1109;0,1671;0,9088;0,931
12,261000;-0,0948;0,1627;0,9733;0,991
12,271000;-0,0679;0,1363;1,0183;1,030
12,281000;-0,0596;0,1090;1,0354;1,043
12,291000;-0,0611;0,0894;1,0393;1,045
12,306000;-0,0552;0,0748;1,0119;1,016
12,311000;-0,0547;0,0630;0,9582;0,962
12,321000;-0,0581;0,0630;0,9557;0,960
12,331000;-0,0513;0,0782;0,9831;0,988
12,341000;-0,0528;0,0850;1,0007;1,006
12,352000;-0,0474;0,0982;0,9870;0,993
12,361000;-0,0322;0,1148;0,9772;0,984
12,371000;-0,0132;0,1202;0,9694;0,977
12,381000;-0,0191;0,1192;0,9587;0,966
12,391000;-0,0244;0,1163;0,9533;0,961
12,409000;-0,0401;0,1138;0,9562;0,964
12,411000;-0,0362;0,0928;1,0017;1,007
12,428000;-0,0288;0,0923;1,0139;1,018
12,431000;-0,0445;0,0914;1,0197;1,025
12,441000;-0,0430;0,1065;1,0144;1,021
12,452000;-0,0171;0,1197;1,0012;1,008
12,461000;-0,0093;0,1192;0,9709;0,978
12,471000;-0,0112;0,1212;0,9704;0,978
12,481000;-0,0029;0,1217;0,9748;0,982
12,491000;-0,0020;0,1065;0,9723;0,978
12,505000;-0,0117;0,0987;0,9484;0,954
12,511000;0,0044;0,1036;0,9533;0,959
12,521000;0,0205;0,1207;0,9894;0,997
12,531000;0,0151;0,1295;1,0100;1,018
12,541000;0,0059;0,1412;0,9968;1,007
12,552000;0,0239;0,1520;0,9836;0,996
12,561000;0,0420;0,1461;0,9689;0,981
12,571000;0,0577;0,1349;0,9665;0,978
12,581000;0,0459;0,1256;0,9855;0,995
12,591000;0,0191;0,1226;1,0002;1,008
12,601000;-0,0010;0,1143;1,0080;1,014
12,611000;-0,0117;0,1134;1,0227;1,029
12,621000;-0,0215;0,1153;1,0398;1,046
12,631000;-0,0239;0,1251;1,0412;1,049
12,641000;-0,0181;0,1407;1,0036;1,014
12,651000;-0,0068;0,1539;0,9743;0,986
12,661000;0,0044;0,1622;0,9420;0,956
12,671000;0,0137;0,1671;0,9220;0,937
12,681000;0,0068;0,1676;0,9230;0,938
12,691000;-0,0039;0,1681;0,9587;0,973
12,701000;-0,0010;0,1710;0,9880;1,003
12,711000;-0,0068;0,1691;0,9846;0,999
12,721000;-0,0054;0,1559;0,9709;0,983
12,731000;-0,0024;0,1485;0,9670;0,978
12,741000;-0,0044;0,1471;0,9850;0,996
12,751000;0,0005;0,1534;1,0061;1,018
12,761000;-0,0103;0,1632;1,0109;1,024
12,771000;-0,0210;0,1847;1,0021;1,019
12,781000;-0,0200;0,1989;0,9611;0,982
12,791000;-0,0005;0,2003;0,8946;0,917
12,801000;0,0176;0,1891;0,8604;0,881
12,812000;0,0230;0,1749;0,8746;0,892
12,822000;0,0122;0,1544;0,9240;0,937
12,831000;-0,0137;0,1285;0,9933;1,002
12,841000;-0,0410;0,1178;1,0647;1,072
12,851000;-0,0699;0,1104;1,0935;1,101
12,861000;-0,0674;0,1226;1,0706;1,080
12,871000;-0,0415;0,1368;1,0163;1,026
12,881000;-0,0342;0,1476;0,9679;0,980
12,891000;-0,0117;0,1603;0,9499;0,963
12,901000;-0,0049;0,1578;0,9430;0,956
12,913000;-0,0059;0,1603;0,9616;0,975
12,921000;-0,0132;0,1647;0,9758;0,990
12,931000;-0,0249;0,1637;0,9894;1,003
12,941000;-0,0459;0,1612;0,9977;1,012
12,951000;-0,0562;0,1593;0,9953;1,010
12,961000;-0,0508;0,1681;0,9914;1,007
12,971000;-0,0371;0,1715;0,9968;1,012
12,981000;-0,0254;0,1700;0,9635;0,979
12,991000;-0,0274;0,1632;0,9313;0,946
13,001000;-0,0230;0,1608;0,9347;0,949
13,011000;-0,0235;0,1583;0,9513;0,965
13,023000;-0,0420;0,1608;0,9543;0,969
13,031000;-0,0616;0,1539;0,9557;0,970
13,041000;-0,0928;0,1456;0,9797;0,995
13,051000;-0,1104;0,1393;1,0026;1,018
13,061000;-0,1026;0,1378;0,9982;1,013
13,071000;-0,0928;0,1422;0,9787;0,993
13,081000;-0,0811;0,1520;0,9767;0,992
13,091000;-0,0748;0,1549;0,9621;0,977
13,101000;-0,0684;0,1510;0,9513;0,966
13,113000;-0,0625;0,1583;0,9215;0,937
13,124000;-0,0660;0,1603;0,9196;0,936
13,131000;-0,0645;0,1642;0,9543;0,970
13,141000;-0,0572;0,1583;0,9723;0,987
13,151000;-0,0562;0,1554;0,9753;0,989
13,161000;-0,0498;0,1593;0,9650;0,979
13,171000;-0,0401;0,1578;0,9455;0,959
13,181000;-0,0215;0,1510;0,9396;0,952
13,191000;-0,0186;0,1456;0,9469;0,958
13,201000;-0,0318;0,1383;0,9455;0,956
13,211000;-0,0430;0,1432;0,9650;0,977
13,224000;-0,0508;0,1471;0,9929;1,005
13,231000;-0,0567;0,1495;1,0007;1,013
13,241000;-0,0459;0,1515;0,9899;1,003
13,251000;-0,0274;0,1573;0,9723;0,985
13,261000;-0,0249;0,1534;0,9611;0,974
13,271000;-0,0342;0,1539;0,9650;0,978
13,281000;-0,0469;0,1564;0,9670;0,981
13,291000;-0,0440;0,1617;0,9533;0,968
13,301000;-0,0347;0,1661;0,9406;0,956
13,315000;-0,0220;0,1564;0,9333;0,947
13,331000;-0,0445;0,1485;0,9797;0,992
13,341000;-0,0474;0,1480;1,0163;1,028
13,351000;-0,0611;0,1388;1,0222;1,033
13,361000;-0,0621;0,1378;1,0148;1,026
13,371000;-0,0493;0,1466;0,9782;0,990
13,381000;-0,0435;0,1564;0,9347;0,949
13,391000;-0,0406;0,1617;0,9289;0,944
13,401000;-0,0410;0,1730;0,9293;0,946
13,411000;-0,0376;0,1735;0,9499;0,966
13,421000;-0,0557;0,1578;0,9533;0,968
13,431000;-0,0572;0,1480;0,9513;0,964
13,441000;-0,0435;0,1520;0,9621;0,975
13,451000;-0,0410;0,1549;0,9987;1,011
13,461000;-0,0484;0,1446;0,9997;1,011
13,471000;-0,0454;0,1402;0,9719;0,983
13,481000;-0,0401;0,1427;0,9469;0,958
13,491000;-0,0381;0,1456;0,9508;0,963
13,501000;-0,0347;0,1529;0,9601;0,973
13,511000;-0,0391;0,1529;0,9650;0,978
13,521000;-0,0562;0,1461;0,9753;0,988
13,531000;-0,0660;0,1529;0,9880;1,002
13,541000;-0,0640;0,1588;0,9841;0,999
13,551000;-0,0679;0,1529;0,8648;0,881
13,561000;-0,0904;0,1627;0,7774;0,799
13,571000;0,0015;0,2052;0,8981;0,921
13,581000;-0,0205;0,1779;0,9679;0,984
13,591000;-0,0547;0,1676;1,0212;1,036
13,601000;-0,0855;0,1715;1,0461;1,064
13,611000;-0,0826;0,1612;0,9714;0,988
13,623000;-0,0752;0,1588;0,9064;0,923
13,631000;-0,0479;0,1515;0,8810;0,895
13,642000;-0,0210;0,1559;0,9386;0,952
13,651000;-0,0156;0,1647;1,0422;1,055
