time;gFx;gFy;gFz;TgF
0,003000;-0,3308;0,5790;0,6430;0,926
0,004000;-0,3010;0,6332;0,8218;1,080
0,004000;-0,2365;0,6591;1,0061;1,226
0,020000;-0,1564;0,6503;1,1087;1,295
0,024000;-0,1290;0,6205;1,0725;1,246
0,032000;-0,1798;0,5829;0,9997;1,171
0,042000;-0,2648;0,5262;0,8990;1,075
0,052000;-0,3498;0,4686;0,7872;0,981
0,063000;-0,4080;0,4446;0,6855;0,913
0,081000;-0,4617;0,4642;0,6332;0,911
0,082000;-0,4764;0,5135;0,6069;0,927
0,093000;-0,4402;0,5697;0,6171;0,948
0,103000;-0,3782;0,6181;0,6924;1,002
0,120000;-0,3205;0,6298;0,7715;1,046
0,132000;-0,3127;0,6103;0,8228;1,071
0,133000;-0,3347;0,5854;0,8604;1,093
0,144000;-0,3572;0,5424;0,8600;1,078
0,152000;-0,3845;0,4886;0,8052;1,017
0,162000;-0,4065;0,4735;0,7227;0,955
0,172000;-0,4173;0,5086;0,6538;0,927
0,182000;-0,3855;0,5585;0,6274;0,924
0,193000;-0,3039;0,6020;0,6572;0,942
0,203000;-0,2150;0,6357;0,7383;0,998
0,221000;-0,1666;0,6406;0,7872;1,028
0,227000;-0,1910;0,6152;0,8003;1,027
0,232000;-0,2555;0,5814;0,8047;1,025
0,242000;-0,3254;0,5336;0,7857;1,004
0,252000;-0,3801;0,5038;0,7715;0,997
0,266000;-0,4002;0,4964;0,7354;0,973
0,272000;-0,3772;0,5121;0,7080;0,952
0,282000;-0,3362;0,5482;0,7197;0,965
0,306000;-0,2692;0,5805;0,7632;0,996
0,307000;-0,2106;0,6025;0,8033;1,026
0,312000;-0,2125;0,5995;0,8008;1,023
0,322000;-0,2521;0,5839;0,7764;1,004
0,332000;-0,2981;0,5658;0,7427;0,980
0,342000;-0,3274;0,5585;0,7168;0,966
0,352000;-0,3406;0,5463;0,6943;0,947
0,366000;-0,3435;0,5433;0,6723;0,930
0,372000;-0,3406;0,5365;0,6552;0,913
0,382000;-0,3376;0,5301;0,6601;0,911
0,404000;-0,3367;0,5267;0,6777;0,922
0,405000;-0,3376;0,5453;0,7187;0,963
0,416000;-0,3425;0,5643;0,8013;1,038
0,422000;-0,3474;0,5565;0,8634;1,084
0,432000;-0,3503;0,5360;0,8756;1,085
0,442000;-0,3440;0,5218;0,8429;1,049
0,452000;-0,3230;0,5218;0,7725;0,987
0,466000;-0,3044;0,5502;0,6938;0,936
0,472000;-0,2995;0,5599;0,6113;0,881
0,482000;-0,2878;0,5692;0,5893;0,868
0,535000;-0,2839;0,5683;0,5580;0,845
0,537000;-0,3029;0,5658;0,5819;0,866
0,538000;-0,3454;0,5516;0,6200;0,899
0,538000;-0,3684;0,5345;0,7070;0,960
0,539000;-0,3640;0,5101;0,8121;1,026
0,548000;-0,3332;0,4969;0,8946;1,076
0,553000;-0,2956;0,4906;0,9186;1,083
0,570000;-0,2599;0,4979;0,9088;1,068
0,573000;-0,2424;0,5106;0,8531;1,023
0,609000;-0,2467;0,5257;0,8028;0,991
0,610000;-0,2663;0,5345;0,7544;0,962
0,611000;-0,2971;0,5301;0,7266;0,947
0,613000;-0,3269;0,5023;0,7451;0,956
0,623000;-0,3196;0,4813;0,7764;0,968
0,633000;-0,2770;0,4896;0,8145;0,990
0,643000;-0,2380;0,5077;0,8331;1,004
0,653000;-0,2077;0,5262;0,8409;1,013
0,669000;-0,1935;0,5370;0,8350;1,011
0,673000;-0,1974;0,5345;0,8218;1,000
0,683000;-0,2277;0,5204;0,8277;1,004
0,731000;-0,2707;0,4984;0,8477;1,020
0,732000;-0,3132;0,4632;0,8521;1,019
0,733000;-0,3347;0,4437;0,8453;1,012
0,733000;-0,3240;0,4466;0,8174;0,986
0,734000;-0,3064;0,4696;0,7710;0,953
0,743000;-0,2839;0,4837;0,7432;0,931
0,753000;-0,2536;0,5008;0,7319;0,922
0,763000;-0,2096;0,5111;0,7583;0,938
0,773000;-0,1783;0,5140;0,7974;0,965
0,785000;-0,1871;0,5072;0,8370;0,996
0,793000;-0,2209;0,4891;0,8585;1,012
0,803000;-0,2614;0,4720;0,8560;1,012
0,848000;-0,3044;0,4525;0,8380;1,000
0,849000;-0,3547;0,4266;0,8517;1,016
0,850000;-0,3723;0,4187;0,8541;1,021
0,851000;-0,3630;0,4241;0,8350;1,004
0,853000;-0,3327;0,4378;0,8174;0,985
0,863000;-0,2956;0,4564;0,8077;0,974
0,873000;-0,2653;0,4656;0,8131;0,974
0,884000;-0,2458;0,4818;0,8052;0,970
0,934000;-0,2575;0,4857;0,8008;0,971
0,935000;-0,2829;0,4759;0,8082;0,980
0,935000;-0,2990;0,4647;0,8038;0,975
0,936000;-0,3044;0,4554;0,7862;0,958
0,936000;-0,3108;0,4441;0,7710;0,943
0,946000;-0,3176;0,4349;0,7676;0,938
0,953000;-0,3078;0,4324;0,7989;0,959
0,963000;-0,2902;0,4285;0,8433;0,989
0,973000;-0,2897;0,4319;0,8727;1,016
0,984000;-0,3318;0,4427;0,8790;1,039
1,018000;-0,3753;0,4529;0,8702;1,050
1,019000;-0,3821;0,4578;0,8419;1,032
1,020000;-0,3474;0,4510;0,7852;0,970
1,023000;-0,2995;0,4617;0,7222;0,908
1,033000;-0,2702;0,4867;0,6767;0,876
1,043000;-0,2565;0,4945;0,6758;0,876
1,053000;-0,2477;0,4901;0,7290;0,913
1,068000;-0,2340;0,4847;0,8116;0,974
1,073000;-0,2179;0,4793;0,8819;1,027
1,083000;-0,2199;0,4735;0,9127;1,051
1,135000;-0,2380;0,4564;0,9249;1,058
1,136000;-0,2546;0,4358;0,9118;1,042
1,137000;-0,2663;0,4183;0,9088;1,035
1,138000;-0,2726;0,4134;0,9298;1,053
1,138000;-0,2653;0,4183;0,9445;1,066
1,146000;-0,2595;0,4246;0,9425;1,066
1,153000;-0,2624;0,4295;0,9230;1,051
1,163000;-0,2849;0,4256;0,8849;1,022
1,173000;-0,3293;0,4236;0,8394;0,996
1,185000;-0,3626;0,4183;0,8218;0,991
1,237000;-0,3738;0,4104;0,8223;0,992
1,238000;-0,3679;0,4007;0,8262;0,989
1,239000;-0,3572;0,3977;0,8145;0,974
1,239000;-0,3274;0,4104;0,8087;0,964
1,240000;-0,3010;0,4124;0,8028;0,951
1,249000;-0,2829;0,4158;0,7964;0,942
1,253000;-0,2717;0,4192;0,8067;0,949
1,265000;-0,2599;0,4104;0,8658;0,993
1,273000;-0,2629;0,3875;0,9235;1,035
1,321000;-0,2585;0,3738;0,9318;1,037
1,322000;-0,2775;0,3718;0,9352;1,044
1,323000;-0,3112;0,3904;0,9245;1,051
1,324000;-0,3176;0,4173;0,8839;1,028
1,325000;-0,3147;0,4310;0,8443;0,999
1,333000;-0,2981;0,4432;0,8013;0,963
1,343000;-0,2702;0,4603;0,8067;0,967
1,353000;-0,2355;0,4691;0,8473;0,997
1,363000;-0,2130;0,4696;0,8976;1,035
1,373000;-0,2091;0,4598;0,9357;1,063
1,388000;-0,2194;0,4549;0,9484;1,074
1,446000;-0,2218;0,4676;0,9264;1,061
1,448000;-0,2155;0,4920;0,9088;1,056
1,448000;-0,2038;0,5042;0,8839;1,038
1,449000;-0,1974;0,4950;0,8771;1,026
1,450000;-0,2062;0,4720;0,8644;1,006
1,450000;-0,2272;0,4510;0,8482;0,987
1,452000;-0,2238;0,4495;0,8375;0,976
1,463000;-0,2497;0,4476;0,8087;0,957
1,473000;-0,2731;0,4490;0,7593;0,923
1,485000;-0,2897;0,4588;0,7046;0,889
1,547000;-0,2946;0,4744;0,6543;0,860
1,549000;-0,2834;0,4920;0,6391;0,855
1,549000;-0,2531;0,5008;0,6753;0,878
1,550000;-0,2096;0,5155;0,7554;0,938
1,551000;-0,1862;0,5204;0,8126;0,983
1,552000;-0,1940;0,5101;0,8678;1,025
1,553000;-0,2057;0,4886;0,8946;1,040
1,562000;-0,2267;0,4686;0,8844;1,026
1,573000;-0,2433;0,4583;0,8604;1,005
1,585000;-0,2419;0,4559;0,8184;0,968
1,634000;-0,2199;0,4529;0,7774;0,926
1,635000;-0,1920;0,4622;0,7622;0,912
1,635000;-0,1749;0,4803;0,7735;0,927
1,636000;-0,1393;0,4896;0,7872;0,937
1,636000;-0,1075;0,5038;0,8497;0,994
1,645000;-0,0748;0,5155;0,9806;1,110
1,652000;-0,0870;0,5062;1,0046;1,128
1,663000;-0,1334;0,4876;1,0158;1,135
1,672000;-0,1823;0,4696;0,9938;1,114
1,686000;-0,2184;0,4569;0,9484;1,075
1,728000;-0,2321;0,4520;0,9020;1,035
1,729000;-0,2116;0,4652;0,8663;1,006
1,730000;-0,1788;0,4852;0,8424;0,988
1,730000;-0,1373;0,5008;0,8238;0,974
1,733000;-0,0972;0,5145;0,8302;0,981
1,744000;-0,0767;0,5199;0,8551;1,004
1,753000;-0,0875;0,5126;0,8668;1,011
1,763000;-0,1178;0,5013;0,8512;0,995
1,772000;-0,1500;0,4837;0,8443;0,985
1,782000;-0,1769;0,4686;0,8355;0,974
1,835000;-0,1739;0,4578;0,8199;0,955
1,836000;-0,1500;0,4637;0,8209;0,955
1,836000;-0,1349;0,4725;0,8321;0,966
1,837000;-0,1241;0,4784;0,8233;0,960
1,838000;-0,1222;0,4867;0,7989;0,943
1,847000;-0,1143;0,4852;0,7906;0,935
1,858000;-0,1187;0,4940;0,7867;0,936
1,871000;-0,1173;0,5135;0,7813;0,942
1,872000;-0,0972;0,5350;0,7920;0,961
1,928000;-0,0826;0,5512;0,8189;0,991
1,929000;-0,0635;0,5443;0,8438;1,006
1,929000;-0,0537;0,5277;0,8560;1,007
1,930000;-0,0640;0,4999;0,8590;0,996
1,930000;-0,0884;0,4862;0,8546;0,987
1,940000;-0,1168;0,4862;0,8302;0,969
1,951000;-0,1314;0,4915;0,8355;0,978
1,953000;-0,1422;0,5023;0,8492;0,997
1,970000;-0,1471;0,5096;0,8502;1,002
1,972000;-0,1422;0,5116;0,8502;1,002
2,037000;-0,1353;0,5155;0,8531;1,006
2,038000;-0,1319;0,5106;0,8438;0,995
2,038000;-0,1275;0,4989;0,8272;0,974
2,039000;-0,1187;0,5008;0,8184;0,967
2,039000;-0,1070;0,5160;0,8248;0,979
2,040000;-0,0870;0,5311;0,8365;0,995
2,049000;-0,0767;0,5365;0,8429;1,002
2,052000;-0,0743;0,5380;0,8448;1,004
2,067000;-0,0792;0,5336;0,8526;1,009
2,073000;-0,0919;0,5209;0,8565;1,007
2,089000;-0,0972;0,5189;0,8517;1,002
2,149000;-0,1031;0,5253;0,8326;0,990
2,150000;-0,1109;0,5301;0,8179;0,981
2,151000;-0,1158;0,5360;0,8038;0,973
2,152000;-0,1192;0,5287;0,7969;0,964
2,152000;-0,1158;0,5292;0,7994;0,966
2,153000;-0,0928;0,5385;0,8204;0,986
2,154000;-0,0718;0,5463;0,8438;1,008
2,162000;-0,0660;0,5375;0,8707;1,025
2,172000;-0,0816;0,5038;0,8849;1,021
2,187000;-0,1241;0,4749;0,8756;1,004
2,230000;-0,1691;0,4632;0,8668;0,997
2,231000;-0,2042;0,4627;0,8438;0,984
2,232000;-0,2125;0,4661;0,8189;0,966
2,233000;-0,1886;0,4725;0,8101;0,957
2,233000;-0,1397;0,4886;0,8302;0,973
2,244000;-0,0914;0,5047;0,8644;1,005
2,252000;-0,0616;0,5111;0,9127;1,048
2,262000;-0,0586;0,5135;0,9552;1,086
2,272000;-0,0865;0,4930;0,9469;1,071
2,286000;-0,1285;0,4505;0,9313;1,042
2,339000;-0,1671;0,4183;0,9025;1,009
2,340000;-0,1984;0,4002;0,8565;0,966
2,341000;-0,2189;0,3987;0,8174;0,935
2,343000;-0,2116;0,4153;0,7989;0,925
2,345000;-0,1827;0,4354;0,7896;0,920
2,345000;-0,1378;0,4544;0,8028;0,933
2,353000;-0,1011;0,4686;0,8292;0,958
2,370000;-0,0796;0,4779;0,8394;0,969
2,373000;-0,0850;0,4852;0,8502;0,983
2,409000;-0,0967;0,4808;0,8604;0,990
2,410000;-0,1124;0,4578;0,8663;0,986
2,411000;-0,1407;0,4349;0,8805;0,992
2,413000;-0,1725;0,4192;0,8780;0,988
2,423000;-0,1901;0,4251;0,8688;0,986
2,433000;-0,1930;0,4373;0,8565;0,981
2,445000;-0,1832;0,4559;0,8639;0,994
2,453000;-0,1495;0,4735;0,8785;1,009
2,463000;-0,1158;0,4847;0,8937;1,023
2,473000;-0,1007;0,4862;0,8893;1,018
2,487000;-0,1099;0,4784;0,8834;1,011
2,531000;-0,1402;0,4696;0,8668;0,996
2,532000;-0,1686;0,4559;0,8458;0,975
2,533000;-0,1940;0,4456;0,8189;0,952
2,533000;-0,2008;0,4417;0,7925;0,929
2,534000;-0,1954;0,4495;0,7896;0,929
2,544000;-0,1735;0,4622;0,8101;0,949
2,553000;-0,1285;0,4886;0,8512;0,990
2,563000;-0,1104;0,4945;0,8878;1,022
2,573000;-0,1192;0,4955;0,8912;1,027
2,583000;-0,1358;0,4798;0,8771;1,009
2,643000;-0,1495;0,4666;0,8673;0,996
2,644000;-0,1661;0,4495;0,8414;0,968
2,645000;-0,1867;0,4334;0,8248;0,950
2,646000;-0,1915;0,4300;0,8297;0,954
2,646000;-0,1735;0,4402;0,8438;0,967
2,647000;-0,1647;0,4515;0,8477;0,974
2,653000;-0,1437;0,4700;0,8443;0,977
2,663000;-0,1060;0,4964;0,8556;0,995
2,673000;-0,0762;0,5101;0,8585;1,002
2,687000;-0,0762;0,5018;0,8438;0,985
2,732000;-0,0977;0,4920;0,8204;0,962
2,732000;-0,1266;0,4862;0,8277;0,968
2,733000;-0,1476;0,4847;0,8541;0,993
2,733000;-0,1529;0,4837;0,8712;1,008
2,734000;-0,1559;0,4754;0,8639;0,998
2,745000;-0,1666;0,4652;0,8448;0,979
2,753000;-0,1739;0,4744;0,8424;0,982
2,763000;-0,1632;0,4779;0,8429;0,983
2,773000;-0,1480;0,4911;0,8438;0,987
2,783000;-0,1158;0,5052;0,8404;0,987
2,842000;-0,1021;0,5086;0,8409;0,988
2,843000;-0,0870;0,5223;0,8600;1,010
2,844000;-0,0831;0,5301;0,8736;1,025
2,846000;-0,0953;0,5243;0,8849;1,033
2,848000;-0,1104;0,5062;0,8859;1,026
2,848000;-0,1314;0,4827;0,8751;1,008
2,853000;-0,1520;0,4744;0,8658;0,999
2,863000;-0,1632;0,4691;0,8521;0,986
2,873000;-0,1476;0,4715;0,8341;0,969
2,888000;-0,1246;0,4837;0,8448;0,981
2,892000;-0,1094;0,4886;0,8717;1,005
2,921000;-0,0987;0,4915;0,8795;1,012
2,923000;-0,0953;0,4906;0,8780;1,010
2,923000;-0,0992;0,4876;0,8673;1,000
2,933000;-0,1036;0,4818;0,8702;1,000
2,942000;-0,1138;0,4720;0,8712;0,997
2,953000;-0,1295;0,4627;0,8512;0,977
2,971000;-0,1495;0,4578;0,8331;0,962
2,973000;-0,1642;0,4544;0,8199;0,952
3,028000;-0,1632;0,4529;0,8214;0,952
3,029000;-0,1437;0,4569;0,8267;0,955
3,030000;-0,1212;0,4622;0,8375;0,964
3,031000;-0,0977;0,4784;0,8624;0,991
3,031000;-0,0855;0,4920;0,8849;1,016
3,033000;-0,0963;0,4915;0,8946;1,025
3,043000;-0,1187;0,4823;0,9059;1,033
3,053000;-0,1353;0,4642;0,8942;1,017
3,071000;-0,1437;0,4476;0,8683;0,987
3,073000;-0,1490;0,4441;0,8463;0,967
3,124000;-0,1461;0,4471;0,8380;0,961
3,125000;-0,1339;0,4549;0,8458;0,970
3,126000;-0,1256;0,4696;0,8536;0,982
3,127000;-0,1187;0,4793;0,8541;0,987
3,127000;-0,1207;0,4852;0,8590;0,994
3,133000;-0,1314;0,4744;0,8609;0,992
3,143000;-0,1334;0,4661;0,8482;0,977
3,153000;-0,1261;0,4647;0,8243;0,955
3,169000;-0,1090;0,4744;0,8155;0,950
3,173000;-0,1046;0,4837;0,8277;0,964
3,226000;-0,1060;0,4842;0,8331;0,969
3,227000;-0,1080;0,4827;0,8419;0,976
3,228000;-0,1104;0,4808;0,8575;0,989
3,229000;-0,1270;0,4764;0,8712;1,001
3,230000;-0,1417;0,4622;0,8692;0,995
3,233000;-0,1593;0,4505;0,8560;0,980
3,243000;-0,1661;0,4485;0,8629;0,987
3,253000;-0,1603;0,4529;0,8741;0,997
3,271000;-0,1573;0,4569;0,8839;1,007
3,273000;-0,1539;0,4564;0,8878;1,010
3,327000;-0,1319;0,4627;0,8761;1,000
3,328000;-0,1178;0,4681;0,8658;0,991
3,329000;-0,1217;0,4774;0,8414;0,975
3,330000;-0,1207;0,4744;0,8223;0,957
3,330000;-0,1197;0,4720;0,8194;0,953
3,333000;-0,1178;0,4652;0,8424;0,969
3,343000;-0,1187;0,4598;0,8717;0,993
3,353000;-0,1261;0,4573;0,8888;1,007
3,371000;-0,1378;0,4578;0,8746;0,997
3,373000;-0,1353;0,4578;0,8385;0,965
3,426000;-0,1002;0,4857;0,8121;0,952
3,427000;-0,0679;0,5062;0,8116;0,959
3,428000;-0,0547;0,5057;0,8262;0,970
3,429000;-0,0577;0,4876;0,8355;0,969
3,430000;-0,0899;0,4700;0,8316;0,959
3,433000;-0,1290;0,4608;0,8399;0,967
3,442000;-0,1608;0,4388;0,8595;0,978
3,452000;-0,1847;0,4236;0,8648;0,981
3,471000;-0,1959;0,4173;0,8736;0,988
3,473000;-0,1871;0,4256;0,8795;0,995
3,526000;-0,1529;0,4432;0,8922;1,008
3,528000;-0,1212;0,4598;0,9108;1,027
3,530000;-0,1051;0,4735;0,9254;1,045
3,531000;-0,1051;0,4788;0,9323;1,053
3,532000;-0,1197;0,4793;0,9201;1,044
3,533000;-0,1309;0,4735;0,8893;1,016
3,543000;-0,1417;0,4686;0,8497;0,981
3,553000;-0,1505;0,4686;0,8131;0,950
3,573000;-0,1549;0,4730;0,8033;0,945
3,574000;-0,1417;0,4842;0,8306;0,972
3,614000;-0,1134;0,5003;0,8575;0,999
3,615000;-0,0958;0,5033;0,8815;1,020
3,616000;-0,0821;0,5013;0,8815;1,017
3,617000;-0,0855;0,4891;0,8526;0,987
3,622000;-0,1138;0,4813;0,8165;0,955
3,632000;-0,1314;0,4744;0,7925;0,933
3,643000;-0,1432;0,4700;0,7979;0,937
3,652000;-0,1432;0,4598;0,8096;0,942
3,671000;-0,1383;0,4534;0,8336;0,959
3,673000;-0,1344;0,4573;0,8663;0,989
3,729000;-0,1437;0,4573;0,8819;1,004
3,730000;-0,1529;0,4544;0,8903;1,011
3,730000;-0,1671;0,4510;0,8961;1,017
3,731000;-0,1661;0,4529;0,8912;1,013
3,731000;-0,1622;0,4559;0,8854;1,009
3,733000;-0,1456;0,4569;0,8780;1,000
3,743000;-0,1256;0,4671;0,8614;0,988
3,753000;-0,1046;0,4764;0,8497;0,980
3,771000;-0,0972;0,4842;0,8477;0,981
3,773000;-0,1036;0,4847;0,8482;0,982
3,825000;-0,1114;0,4818;0,8409;0,976
3,826000;-0,1241;0,4813;0,8350;0,972
3,827000;-0,1285;0,4827;0,8297;0,968
3,828000;-0,1158;0,4774;0,8253;0,960
3,828000;-0,0972;0,4852;0,8380;0,973
3,833000;-0,0914;0,4871;0,8556;0,989
3,843000;-0,0943;0,4881;0,8560;0,990
3,853000;-0,0948;0,4886;0,8355;0,973
3,871000;-0,1192;0,4837;0,8204;0,960
3,873000;-0,1358;0,4788;0,8174;0,957
3,927000;-0,1461;0,4725;0,8326;0,968
3,928000;-0,1353;0,4715;0,8365;0,970
3,929000;-0,1153;0,4827;0,8429;0,978
3,930000;-0,1002;0,4925;0,8473;0,985
3,930000;-0,0899;0,5008;0,8438;0,985
3,933000;-0,0870;0,5082;0,8487;0,993
3,943000;-0,0880;0,5033;0,8551;0,996
3,953000;-0,0933;0,4867;0,8761;1,007
3,971000;-0,1046;0,4754;0,8873;1,012
3,973000;-0,1236;0,4588;0,8937;1,012
4,015000;-0,1456;0,4485;0,8912;1,008
4,016000;-0,1515;0,4485;0,8683;0,989
4,017000;-0,1456;0,4573;0,8238;0,953
4,017000;-0,1251;0,4803;0,7842;0,928
4,023000;-0,0870;0,5003;0,7622;0,916
4,033000;-0,0533;0,5174;0,7637;0,924
4,043000;-0,0450;0,5262;0,7632;0,928
4,053000;-0,0479;0,5228;0,7652;0,928
4,072000;-0,0621;0,5170;0,7740;0,933
4,073000;-0,0704;0,5082;0,7769;0,931
4,115000;-0,0630;0,5057;0,7832;0,934
4,116000;-0,0498;0,5057;0,7891;0,939
4,116000;-0,0425;0,5091;0,7686;0,923
4,117000;-0,0425;0,5174;0,7583;0,919
4,123000;-0,0225;0,5243;0,7671;0,929
4,133000;0,0103;0,5321;0,7798;0,944
4,143000;0,0283;0,5414;0,7725;0,944
4,153000;0,0283;0,5438;0,7583;0,934
4,171000;0,0151;0,5375;0,7417;0,916
4,173000;-0,0093;0,5370;0,7271;0,904
4,214000;-0,0283;0,5341;0,7163;0,894
4,215000;-0,0366;0,5365;0,7187;0,898
4,216000;-0,0332;0,5487;0,7476;0,928
4,216000;-0,0191;0,5590;0,8082;0,983
4,223000;-0,0103;0,5643;0,8648;1,033
4,233000;-0,0147;0,5551;0,8946;1,053
4,243000;-0,0362;0,5458;0,8849;1,040
4,253000;-0,0674;0,5414;0,8433;1,004
4,270000;-0,0992;0,5404;0,7989;0,970
4,273000;-0,1002;0,5575;0,7608;0,948
4,327000;-0,0713;0,5839;0,7368;0,943
4,328000;-0,0362;0,6073;0,7266;0,948
4,329000;-0,0044;0,6161;0,7280;0,954
4,330000;0,0137;0,6220;0,7329;0,961
4,331000;0,0107;0,6186;0,7354;0,961
4,332000;-0,0171;0,6132;0,7256;0,950
4,343000;-0,0366;0,6025;0,7183;0,938
4,352000;-0,0244;0,6064;0,7334;0,952
4,372000;0,0098;0,6117;0,7730;0,986
4,373000;0,0396;0,6142;0,8067;1,015
4,428000;0,0469;0,6108;0,8248;1,027
4,429000;0,0239;0,6000;0,8194;1,016
4,430000;-0,0098;0,5922;0,7925;0,989
4,431000;-0,0425;0,5790;0,7701;0,964
4,431000;-0,0645;0,5761;0,7583;0,955
4,432000;-0,0718;0,5761;0,7569;0,954
4,443000;-0,0454;0,5863;0,7608;0,962
4,453000;-0,0073;0,5995;0,7784;0,983
4,472000;-0,0151;0,6122;0,8008;1,008
4,473000;-0,0440;0,6083;0,8189;1,021
4,506000;-0,0684;0,5888;0,8321;1,022
4,507000;-0,0801;0,5727;0,8473;1,026
4,508000;-0,0899;0,5580;0,8619;1,031
4,517000;-0,0792;0,5477;0,8556;1,019
4,522000;-0,0542;0,5458;0,8429;1,006
4,532000;-0,0210;0,5526;0,8526;1,016
4,543000;-0,0044;0,5643;0,8590;1,028
4,553000;-0,0151;0,5643;0,8634;1,032
4,572000;-0,0322;0,5673;0,8644;1,034
4,573000;-0,0391;0,5727;0,8468;1,023
4,628000;-0,0430;0,5746;0,8218;1,004
4,629000;-0,0420;0,5761;0,8077;0,993
4,630000;-0,0498;0,5692;0,8121;0,993
4,631000;-0,0567;0,5551;0,8477;1,015
4,631000;-0,0630;0,5409;0,9020;1,054
4,632000;-0,0630;0,5223;0,9606;1,095
4,642000;-0,0640;0,5106;1,0197;1,142
4,653000;-0,0816;0,5126;1,0828;1,201
4,672000;-0,0953;0,5277;1,1414;1,261
4,674000;-0,0743;0,5443;1,1277;1,254
4,716000;-0,0537;0,5463;1,0232;1,161
4,717000;-0,0406;0,5385;0,8971;1,047
4,718000;-0,0342;0,5380;0,7642;0,935
4,718000;-0,0347;0,5629;0,6787;0,882
4,723000;-0,0200;0,5922;0,7046;0,921
4,732000;0,0068;0,6059;0,8507;1,044
4,743000;0,0078;0,5922;1,0569;1,212
4,753000;-0,0210;0,5595;1,2504;1,370
4,773000;-0,0616;0,4891;1,4043;1,488
4,774000;-0,0938;0,3958;1,4893;1,544
4,817000;-0,1266;0,3186;1,4844;1,523
4,819000;-0,1886;0,2795;1,4023;1,442
4,820000;-0,2204;0,2927;1,2523;1,305
4,820000;-0,2233;0,3220;1,0515;1,122
4,822000;-0,2135;0,3528;0,8546;0,949
4,832000;-0,1793;0,3928;0,7173;0,837
4,843000;-0,1549;0,4280;0,6714;0,811
4,853000;-0,1417;0,4393;0,7178;0,853
4,873000;-0,1226;0,4202;0,7979;0,910
4,874000;-0,1163;0,3772;0,9220;1,003
4,928000;-0,1314;0,3342;1,0403;1,101
4,929000;-0,1349;0,2883;1,1199;1,164
4,930000;-0,1041;0,2658;1,1976;1,231
4,931000;-0,0743;0,2541;1,2206;1,249
4,932000;-0,0577;0,2477;1,1326;1,161
4,933000;-0,0420;0,2746;0,9806;1,019
4,943000;-0,0303;0,3068;0,8131;0,870
4,953000;-0,0274;0,3411;0,6801;0,761
4,974000;-0,0293;0,3694;0,5937;0,700
4,975000;-0,0537;0,3831;0,5375;0,662
5,027000;-0,0621;0,3909;0,5135;0,648
5,028000;-0,0987;0,3933;0,5140;0,655
5,029000;-0,1524;0,3860;0,5487;0,688
5,030000;-0,2042;0,3635;0,6205;0,748
5,032000;-0,2394;0,3450;0,6762;0,796
5,032000;-0,2595;0,3337;0,7207;0,836
5,043000;-0,2453;0,3459;0,7583;0,869
5,053000;-0,2057;0,3777;0,7627;0,876
5,073000;-0,1451;0,4124;0,7427;0,862
5,074000;-0,1055;0,4407;0,7056;0,839
5,126000;-0,1011;0,4691;0,6562;0,813
5,127000;-0,1353;0,4862;0,6313;0,808
5,128000;-0,1779;0,4881;0,6337;0,819
5,129000;-0,2003;0,4710;0,6762;0,848
5,129000;-0,2077;0,4500;0,7241;0,877
5,137000;-0,1950;0,4388;0,7632;0,902
5,143000;-0,1612;0,4456;0,8604;0,982
5,152000;-0,1109;0,4613;0,9504;1,062
5,175000;-0,0586;0,4759;0,9938;1,103
5,176000;-0,0327;0,4886;1,0061;1,119
5,226000;-0,0406;0,4935;0,9860;1,103
5,228000;-0,0640;0,4935;0,9665;1,087
5,228000;-0,0752;0,4979;0,9425;1,069
5,229000;-0,0694;0,5033;0,9039;1,037
5,231000;-0,0606;0,5091;0,8692;1,009
5,237000;-0,0391;0,5111;0,8433;0,987
5,243000;-0,0210;0,5072;0,8429;0,984
5,253000;-0,0005;0,5013;0,9044;1,034
5,274000;0,0396;0,4881;0,9894;1,104
5,275000;0,0914;0,4671;1,0759;1,177
5,318000;0,1388;0,4407;1,1482;1,238
5,319000;0,1769;0,4251;1,2049;1,290
5,320000;0,1705;0,4080;1,2210;1,299
5,320000;0,1373;0,3743;1,1453;1,213
5,322000;0,0826;0,3303;1,0491;1,103
5,332000;0,0288;0,2961;0,9772;1,022
5,342000;-0,0059;0,2800;0,9020;0,944
5,352000;-0,0435;0,2790;0,8233;0,870
5,362000;-0,0684;0,3064;0,7964;0,856
5,373000;-0,0513;0,3401;0,8614;0,928
5,420000;0,0176;0,3748;0,9953;1,064
5,421000;0,0967;0,4124;1,1282;1,205
5,422000;0,1490;0,4339;1,1820;1,268
5,423000;0,1622;0,4412;1,1297;1,224
5,424000;0,1266;0,4388;1,0178;1,116
5,433000;0,0640;0,4275;0,9215;1,018
5,443000;-0,0005;0,4031;0,8648;0,954
5,453000;-0,0269;0,3738;0,8429;0,922
5,463000;-0,0357;0,3362;0,8761;0,939
5,474000;-0,0347;0,3137;0,9362;0,988
5,519000;-0,0283;0,3039;0,9601;1,007
5,520000;-0,0327;0,3083;0,9772;1,025
5,520000;-0,0352;0,3225;1,0041;1,055
5,521000;-0,0015;0,3430;1,0373;1,093
5,522000;0,0342;0,3445;1,0852;1,139
5,533000;0,0596;0,3293;1,1541;1,202
5,543000;0,0748;0,3137;1,2000;1,243
5,553000;0,0557;0,2907;1,1414;1,179
5,562000;0,0200;0,2868;1,0178;1,058
5,573000;-0,0049;0,3005;0,8697;0,920
5,622000;-0,0210;0,3147;0,7422;0,806
5,623000;-0,0210;0,3411;0,6425;0,728
5,624000;-0,0147;0,3674;0,5736;0,681
5,625000;-0,0015;0,3816;0,5458;0,666
5,626000;0,0020;0,3811;0,5585;0,676
5,633000;-0,0024;0,3757;0,5961;0,705
5,643000;0,0249;0,3660;0,6582;0,753
5,653000;0,0669;0,3611;0,7207;0,809
5,663000;0,0855;0,3503;0,7920;0,870
5,673000;0,1060;0,3479;0,8350;0,911
5,732000;0,1314;0,3498;0,8336;0,914
5,733000;0,1182;0,3474;0,8174;0,896
5,734000;0,0713;0,3430;0,7842;0,859
5,734000;-0,0020;0,3342;0,7652;0,835
5,735000;-0,0782;0,3166;0,7798;0,845
5,736000;-0,1099;0,2971;0,8023;0,863
5,743000;-0,1085;0,2819;0,8267;0,880
5,753000;-0,0860;0,2785;0,8536;0,902
5,763000;-0,0503;0,3020;0,8824;0,934
5,773000;-0,0357;0,3318;0,9152;0,974
5,825000;-0,0679;0,3640;0,9484;1,018
5,826000;-0,1090;0,3972;0,9977;1,079
5,827000;-0,1339;0,4055;1,0481;1,132
5,828000;-0,1349;0,3972;1,0813;1,160
5,829000;-0,1182;0,3933;1,0872;1,162
5,836000;-0,1114;0,4031;1,0867;1,164
5,843000;-0,1026;0,4236;1,0666;1,152
5,853000;-0,1094;0,4613;1,0451;1,148
5,863000;-0,1437;0,5052;1,0095;1,138
5,874000;-0,1818;0,5497;0,9518;1,114
5,920000;-0,1959;0,5717;0,9166;1,098
5,921000;-0,1603;0,5834;0,9113;1,094
5,921000;-0,1036;0,5746;0,9547;1,119
5,922000;-0,0293;0,5839;1,0442;1,197
5,923000;0,0537;0,6010;1,1878;1,332
5,933000;0,1275;0,6308;1,3100;1,460
5,943000;0,1490;0,6342;1,3671;1,514
5,952000;0,1207;0,6093;1,3491;1,485
5,962000;0,0459;0,5634;1,2445;1,367
5,973000;-0,0220;0,5238;1,0769;1,198
6,011000;-0,0782;0,4999;0,8907;1,024
6,012000;-0,1109;0,4925;0,7412;0,897
6,012000;-0,1251;0,4779;0,6220;0,794
6,013000;-0,1598;0,4671;0,5727;0,756
6,023000;-0,2199;0,4495;0,6186;0,796
6,032000;-0,2560;0,4226;0,7080;0,863
6,043000;-0,2560;0,3679;0,7652;0,887
6,053000;-0,2150;0,3225;0,8077;0,896
6,063000;-0,1173;0,3078;0,8761;0,936
6,074000;0,0068;0,3152;0,9802;1,030
6,115000;0,0708;0,3200;1,0701;1,119
6,116000;0,0567;0,3098;1,0476;1,094
6,116000;-0,0068;0,3044;0,9675;1,014
6,117000;-0,0396;0,3005;0,8893;0,940
6,123000;-0,0870;0,2878;0,8194;0,873
6,133000;-0,1119;0,2702;0,7720;0,826
6,143000;-0,1266;0,2365;0,6733;0,725
6,153000;-0,1397;0,1984;0,5502;0,601
6,163000;-0,1412;0,1735;0,5189;0,565
6,175000;-0,1451;0,1744;0,5287;0,575
6,226000;-0,1168;0,2081;0,5619;0,610
6,227000;-0,0469;0,2560;0,6650;0,714
6,227000;0,0156;0,2873;0,8209;0,870
6,227000;0,0679;0,3068;0,9987;1,047
6,228000;0,1036;0,3020;1,1267;1,171
6,237000;0,1031;0,2937;1,1859;1,226
6,243000;0,0782;0,2956;1,1448;1,185
6,253000;0,0366;0,2917;1,0031;1,045
6,263000;-0,0010;0,3029;0,8463;0,899
6,275000;-0,0283;0,3303;0,7090;0,783
6,321000;-0,0469;0,3635;0,6352;0,733
6,322000;-0,0450;0,3982;0,6547;0,768
6,323000;0,0029;0,4104;0,7569;0,861
6,324000;0,0645;0,4070;0,8795;0,971
6,324000;0,1241;0,3953;0,9894;1,073
6,333000;0,1710;0,3870;1,0373;1,120
6,343000;0,2199;0,3826;1,0310;1,121
6,353000;0,2599;0,3919;1,0051;1,110
6,363000;0,2731;0,4114;0,9640;1,083
6,374000;0,2697;0,4344;0,9562;1,084
6,424000;0,2384;0,4466;0,9929;1,114
6,425000;0,2057;0,4784;0,9997;1,127
6,426000;0,1940;0,4862;0,9137;1,053
6,426000;0,2091;0,4666;0,8218;0,968
6,426000;0,2741;0,4495;0,7520;0,918
6,435000;0,3562;0,4622;0,7275;0,933
6,443000;0,4187;0,5047;0,7740;1,014
6,453000;0,4285;0,5521;0,8893;1,131
6,463000;0,4026;0,5604;1,0422;1,250
6,475000;0,3435;0,5033;1,1800;1,328
6,532000;0,2526;0,4016;1,2694;1,355
6,534000;0,1485;0,2946;1,2767;1,319
6,535000;0,0865;0,2243;1,2245;1,248
6,535000;0,0689;0,1842;1,1243;1,141
6,536000;0,0845;0,1823;1,0246;1,044
6,537000;0,1090;0,2077;0,9411;0,970
6,543000;0,1358;0,2384;0,9352;0,975
6,553000;0,1383;0,2492;0,9655;1,007
6,563000;0,1138;0,2458;0,9919;1,028
6,576000;0,0806;0,2375;1,0232;1,053
6,616000;0,0474;0,2101;1,0613;1,083
6,616000;0,0308;0,1906;1,0554;1,073
6,617000;0,0337;0,1871;1,0105;1,028
6,617000;0,0567;0,2091;0,9528;0,977
6,623000;0,1016;0,2521;0,9069;0,947
6,633000;0,1329;0,2941;0,8521;0,911
6,643000;0,1295;0,3186;0,7774;0,850
6,653000;0,0708;0,3308;0,7359;0,810
6,663000;-0,0239;0,3288;0,7280;0,799
6,681000;-0,0787;0,3166;0,7124;0,784
6,683000;-0,0992;0,2902;0,7168;0,780
6,693000;-0,0923;0,2800;0,7295;0,787
6,728000;-0,0298;0,3147;0,7471;0,811
6,729000;0,0728;0,3733;0,7691;0,858
6,729000;0,1686;0,4295;0,7891;0,914
6,739000;0,2184;0,4666;0,7876;0,941
6,743000;0,2121;0,4691;0,7715;0,927
6,753000;0,1490;0,4446;0,7461;0,881
6,763000;0,0743;0,4060;0,7090;0,820
6,775000;0,0073;0,3782;0,6953;0,792
6,814000;-0,0288;0,3621;0,7070;0,795
6,815000;-0,0396;0,3723;0,7119;0,804
6,816000;-0,0171;0,3987;0,7163;0,820
6,816000;0,0215;0,4305;0,7251;0,844
6,822000;0,0621;0,4593;0,7715;0,900
6,833000;0,0919;0,4725;0,8600;0,986
6,843000;0,0831;0,4554;0,9684;1,073
6,853000;0,0503;0,4256;1,0407;1,126
6,863000;-0,0054;0,3982;1,0481;1,121
6,874000;-0,0572;0,3948;1,0114;1,087
6,926000;-0,0963;0,4070;0,9655;1,052
6,927000;-0,0953;0,4363;0,9342;1,035
6,928000;-0,0699;0,4842;0,9357;1,056
6,928000;-0,0806;0,5223;1,0085;1,139
6,928000;-0,0972;0,5673;1,0754;1,220
6,937000;-0,1119;0,5912;1,0828;1,239
6,943000;-0,1236;0,5727;1,0500;1,202
6,953000;-0,1275;0,5404;1,0095;1,152
6,963000;-0,0948;0,5184;0,9772;1,110
6,973000;-0,0293;0,5003;0,9591;1,082
7,029000;0,0337;0,4808;1,0266;1,134
7,030000;0,0762;0,4569;1,1815;1,269
7,031000;0,0909;0,4437;1,3412;1,416
7,031000;0,0513;0,4417;1,4429;1,510
7,032000;-0,0259;0,4300;1,4395;1,503
7,033000;-0,1031;0,4275;1,3471;1,417
7,043000;-0,1793;0,4148;1,1844;1,268
7,052000;-0,2243;0,3924;1,0070;1,104
7,062000;-0,2365;0,3699;0,8673;0,972
7,073000;-0,2223;0,3440;0,7715;0,873
7,112000;-0,1974;0,3240;0,7720;0,860
7,113000;-0,1739;0,3235;0,8517;0,927
7,113000;-0,1529;0,3293;0,9567;1,023
7,113000;-0,1573;0,3308;1,0212;1,085
7,123000;-0,1764;0,3161;1,0412;1,102
7,134000;-0,1832;0,2971;1,0026;1,062
7,142000;-0,1720;0,2858;0,8956;0,956
7,152000;-0,1647;0,2946;0,7622;0,834
7,162000;-0,1524;0,3025;0,6567;0,739
7,173000;-0,1378;0,3132;0,5775;0,671
7,183000;-0,1373;0,3235;0,5287;0,635
7,192000;-0,1505;0,3191;0,4994;0,611
7,217000;-0,1520;0,3132;0,5238;0,629
7,218000;-0,1412;0,3117;0,5888;0,681
7,222000;-0,1295;0,3015;0,6552;0,733
7,232000;-0,1295;0,3010;0,6850;0,759
7,242000;-0,1251;0,3039;0,7315;0,802
7,252000;-0,1143;0,2932;0,7583;0,821
7,262000;-0,1119;0,2780;0,7632;0,820
7,272000;-0,1158;0,2775;0,7305;0,790
7,297000;-0,1192;0,2853;0,6806;0,748
7,298000;-0,1222;0,3049;0,6337;0,714
7,308000;-0,1305;0,3210;0,6039;0,696
7,312000;-0,1339;0,3298;0,6029;0,700
7,322000;-0,1129;0,3425;0,6513;0,744
7,332000;-0,0777;0,3577;0,7427;0,828
7,342000;-0,0391;0,3713;0,8399;0,919
7,352000;-0,0274;0,3928;0,9078;0,990
7,362000;-0,0034;0,4222;0,9186;1,011
7,373000;0,0318;0,4461;0,8917;0,998
7,416000;0,0733;0,4696;0,8355;0,961
7,417000;0,1290;0,5028;0,7891;0,945
7,417000;0,1852;0,5297;0,7857;0,965
7,417000;0,1945;0,5502;0,8008;0,991
7,422000;0,1441;0,5556;0,8360;1,014
7,433000;0,0958;0,5282;0,8863;1,036
7,442000;0,0796;0,4798;0,9445;1,062
7,452000;0,0845;0,4187;0,9635;1,054
7,462000;0,0958;0,3840;0,9748;1,052
7,479000;0,0836;0,3596;1,0236;1,088
7,547000;0,1138;0,3323;1,1741;1,226
7,548000;0,1686;0,3376;1,3715;1,423
7,549000;0,2057;0,3801;1,4849;1,547
7,550000;0,2233;0,4075;1,3813;1,457
7,550000;0,2130;0,3880;1,1605;1,242
7,551000;0,1989;0,3772;0,9508;1,042
7,551000;0,1974;0,3728;0,7906;0,896
7,552000;0,1945;0,3855;0,7349;0,852
7,562000;0,2052;0,4124;0,8106;0,932
7,573000;0,1871;0,4300;0,9440;1,054
7,591000;0,1471;0,4251;1,0207;1,115
7,595000;0,0836;0,3880;1,0412;1,114
7,642000;-0,0068;0,3298;1,0412;1,092
7,643000;-0,0704;0,2775;1,0515;1,090
7,643000;-0,0840;0,2536;1,0554;1,089
7,644000;-0,0479;0,2521;1,0398;1,071
7,644000;0,0298;0,2761;0,9977;1,036
7,653000;0,1212;0,2873;0,9108;0,963
7,662000;0,1813;0,2981;0,8394;0,909
7,672000;0,1520;0,3127;0,8370;0,906
7,689000;0,0772;0,3103;0,8795;0,936
7,693000;0,0132;0,2941;0,9504;0,995
7,703000;-0,0347;0,2629;1,0398;1,073
7,713000;-0,0665;0,2311;1,0867;1,113
7,750000;-0,0928;0,2023;1,0779;1,101
7,751000;-0,1085;0,1896;1,0188;1,042
7,752000;-0,1046;0,2057;0,9157;0,944
7,753000;-0,0743;0,2648;0,8087;0,854
7,763000;-0,0523;0,3376;0,7373;0,813
7,773000;-0,0357;0,4041;0,7109;0,819
7,792000;-0,0288;0,4446;0,6821;0,815
7,794000;-0,0303;0,4598;0,6762;0,818
7,822000;-0,0352;0,4661;0,6933;0,836
7,824000;-0,0669;0,4476;0,7212;0,851
7,824000;-0,1119;0,4378;0,7520;0,877
7,833000;-0,1373;0,4236;0,7832;0,901
7,843000;-0,1466;0,4153;0,7867;0,902
7,853000;-0,1666;0,4231;0,7378;0,867
7,863000;-0,1637;0,4490;0,6865;0,836
7,875000;-0,1031;0,4881;0,6670;0,833
7,883000;-0,0479;0,5199;0,7104;0,882
7,931000;-0,0318;0,5360;0,7832;0,950
7,932000;-0,0523;0,5297;0,8512;1,004
7,933000;-0,1080;0,5023;0,9000;1,036
7,934000;-0,1466;0,4588;0,9274;1,045
7,935000;-0,1622;0,4090;0,9479;1,045
7,943000;-0,1632;0,3840;0,9362;1,025
7,953000;-0,1544;0,3997;0,8707;0,970
7,963000;-0,1520;0,4334;0,7847;0,909
7,976000;-0,1314;0,4608;0,7315;0,874
7,983000;-0,0880;0,4974;0,7231;0,882
8,030000;-0,0748;0,5301;0,7402;0,914
8,031000;-0,0958;0,5482;0,7705;0,951
8,032000;-0,1329;0,5531;0,8165;0,995
8,033000;-0,1578;0,5458;0,8780;1,046
8,033000;-0,1730;0,5282;0,9352;1,088
8,043000;-0,1485;0,5213;0,9728;1,114
8,053000;-0,0977;0,5213;0,9704;1,106
8,063000;-0,0396;0,5512;0,9787;1,124
8,077000;0,0269;0,6000;1,0119;1,177
8,083000;0,0728;0,6376;1,0148;1,201
8,130000;0,0308;0,6362;1,0456;1,224
8,131000;-0,0875;0,5785;1,1434;1,284
8,132000;-0,1779;0,4871;1,2577;1,360
8,133000;-0,2140;0,4051;1,3114;1,389
8,134000;-0,2502;0,3484;1,3290;1,397
8,143000;-0,2560;0,3806;1,1815;1,267
8,153000;-0,2165;0,4090;0,9010;1,013
8,163000;-0,1910;0,3948;0,6557;0,789
8,178000;-0,1593;0,3938;0,5927;0,729
8,183000;-0,0836;0,3884;0,7310;0,832
8,236000;-0,0068;0,3743;1,0144;1,081
8,237000;0,0523;0,3435;1,2640;1,311
8,237000;0,0777;0,2941;1,4219;1,454
8,238000;0,0557;0,2199;1,4893;1,506
8,239000;0,0225;0,1407;1,5171;1,524
8,243000;-0,0269;0,0894;1,5362;1,539
8,253000;-0,0699;0,0645;1,5352;1,538
8,263000;-0,0972;0,0479;1,5030;1,507
8,277000;-0,0899;0,0415;1,4258;1,429
8,283000;-0,0562;0,0435;1,2934;1,295
8,338000;-0,0151;0,0625;1,1341;1,136
8,339000;0,0068;0,1046;0,9464;0,952
8,340000;-0,0015;0,1300;0,7593;0,770
8,340000;-0,0269;0,1544;0,5917;0,612
8,341000;-0,0386;0,1808;0,4955;0,529
8,343000;-0,0513;0,2042;0,4857;0,529
8,353000;-0,0288;0,2130;0,5204;0,563
8,363000;-0,0127;0,2243;0,7490;0,782
8,377000;-0,0010;0,2311;0,8336;0,865
8,383000;-0,0034;0,2233;0,9635;0,989
8,438000;-0,0269;0,2028;1,0476;1,067
8,440000;-0,0415;0,1754;1,0442;1,060
8,440000;-0,0640;0,1622;0,9508;0,967
8,441000;-0,0806;0,1573;0,8184;0,837
8,442000;-0,0865;0,1642;0,6850;0,710
8,443000;-0,0748;0,1935;0,5727;0,609
8,453000;-0,0694;0,2301;0,4823;0,539
8,463000;-0,0772;0,2707;0,4251;0,510
8,477000;-0,1207;0,3044;0,3914;0,510
8,483000;-0,1764;0,3215;0,3943;0,538
8,536000;-0,2023;0,2976;0,4642;0,587
8,538000;-0,1989;0,2585;0,5736;0,660
8,538000;-0,1735;0,2326;0,6782;0,738
8,539000;-0,1471;0,2091;0,7818;0,823
8,540000;-0,1060;0,2081;0,8692;0,900
8,543000;-0,0156;0,2448;0,9254;0,957
8,553000;0,0860;0,3244;0,9205;0,980
8,563000;0,1041;0,4090;0,8419;0,942
8,577000;0,0147;0,4573;0,7808;0,905
8,583000;-0,0611;0,4906;0,7442;0,893
8,621000;-0,1021;0,4891;0,7847;0,930
8,623000;-0,0967;0,4617;0,8946;1,011
8,623000;-0,0635;0,4637;0,9806;1,087
8,624000;-0,0528;0,4652;1,0754;1,173
8,633000;-0,0366;0,4280;1,1497;1,227
8,643000;0,0029;0,3777;1,2391;1,295
8,653000;-0,0283;0,3147;1,4140;1,449
8,663000;-0,0953;0,3039;1,6315;1,662
8,678000;-0,0655;0,3821;1,6520;1,697
8,683000;-0,0044;0,4437;1,3974;1,466
8,711000;0,0366;0,4759;1,1013;1,200
8,712000;0,0665;0,5277;0,9547;1,093
8,713000;0,1187;0,5531;0,9904;1,141
8,723000;0,1505;0,5267;1,1986;1,318
8,733000;0,1397;0,5003;1,4243;1,516
8,743000;0,1099;0,4295;1,5318;1,595
8,753000;0,0596;0,3015;1,5636;1,593
8,763000;-0,0410;0,1656;1,5152;1,525
8,778000;-0,1383;0,0801;1,3872;1,396
8,783000;-0,1661;0,0567;1,2474;1,260
8,841000;-0,1349;0,0689;1,1160;1,126
8,842000;-0,1070;0,1104;1,0012;1,013
8,843000;-0,0826;0,1647;0,9103;0,929
8,844000;-0,0254;0,2062;0,8546;0,879
8,844000;0,0469;0,2204;0,8438;0,873
8,845000;0,0963;0,2209;0,8526;0,886
8,853000;0,1134;0,2121;0,8438;0,877
8,863000;0,1046;0,1695;0,8199;0,844
8,878000;0,0992;0,1353;0,8155;0,833
8,883000;0,0840;0,0904;0,8155;0,825
8,939000;0,0635;0,0875;0,8688;0,875
8,940000;0,0958;0,1500;0,9464;0,963
8,941000;-0,0249;0,2111;1,0476;1,069
8,943000;-0,0669;0,2614;1,0647;1,098
8,944000;-0,0679;0,3020;0,9675;1,016
8,945000;-0,0752;0,3073;0,8179;0,877
8,953000;-0,0694;0,3156;0,6601;0,735
8,963000;-0,0708;0,3176;0,5223;0,615
8,973000;-0,0723;0,3176;0,4412;0,548
8,983000;-0,0748;0,3152;0,4329;0,541
8,993000;-0,0616;0,3176;0,5047;0,600
9,045000;-0,0430;0,3161;0,6445;0,719
9,046000;-0,0337;0,3137;0,7798;0,841
9,047000;-0,0078;0,3205;0,8761;0,933
9,047000;0,0059;0,3450;0,9201;0,983
9,048000;-0,0034;0,3904;0,9015;0,982
9,056000;-0,0132;0,4310;0,8008;0,910
9,063000;-0,0308;0,4627;0,6841;0,826
9,073000;-0,0440;0,4847;0,6113;0,781
9,083000;-0,0938;0,4740;0,5878;0,761
9,094000;-0,1642;0,4495;0,6171;0,781
9,153000;-0,2428;0,4192;0,6860;0,840
9,155000;-0,2912;0,3884;0,7476;0,891
9,156000;-0,2858;0,3567;0,7813;0,905
9,156000;-0,2331;0,3371;0,8497;0,943
9,157000;-0,1500;0,3342;0,9279;0,998
9,158000;-0,0792;0,3655;1,0202;1,087
9,163000;-0,0313;0,4060;1,1390;1,210
9,173000;-0,0401;0,4314;1,1815;1,258
9,183000;-0,0816;0,4334;1,1223;1,206
9,195000;-0,1349;0,4236;0,9958;1,091
9,227000;-0,1617;0,4275;0,8355;0,952
9,228000;-0,1964;0,4412;0,7422;0,886
9,229000;-0,2243;0,4779;0,7251;0,897
9,233000;-0,2453;0,5126;0,7183;0,916
9,243000;-0,2609;0,4974;0,7046;0,901
9,253000;-0,2888;0,4275;0,7549;0,914
9,263000;-0,3381;0,3406;0,9127;1,031
9,273000;-0,3484;0,2805;1,0906;1,179
9,283000;-0,3034;0,2790;1,2489;1,315
9,295000;-0,2560;0,3132;1,3261;1,386
9,303000;-0,1881;0,3450;1,3207;1,378
9,313000;-0,0923;0,3655;1,2582;1,313
9,355000;-0,0186;0,3948;1,1624;1,228
9,356000;-0,0029;0,4099;1,0236;1,103
9,357000;-0,0406;0,4060;0,8903;0,979
9,357000;-0,0997;0,3894;0,7764;0,874
9,363000;-0,1603;0,3782;0,6670;0,783
9,373000;-0,1793;0,3753;0,6362;0,760
9,383000;-0,1402;0,3943;0,6992;0,815
9,395000;-0,1046;0,4055;0,8585;0,955
9,427000;-0,0831;0,3943;1,1394;1,209
9,428000;-0,1500;0,3254;1,4556;1,499
9,430000;-0,2541;0,2106;1,7185;1,750
9,433000;-0,2814;0,1637;1,7742;1,804
9,443000;-0,2678;0,1446;1,6447;1,673
9,453000;-0,2394;0,1808;1,4365;1,468
9,463000;-0,1451;0,2761;1,3217;1,358
9,473000;-0,0103;0,3792;1,1126;1,175
9,483000;0,0928;0,4485;0,9582;1,062
9,495000;0,1417;0,4803;0,8526;0,989
9,554000;0,1168;0,4798;0,7510;0,899
9,555000;0,0220;0,4525;0,6626;0,803
9,556000;-0,0875;0,4065;0,5883;0,720
9,556000;-0,1906;0,3523;0,5722;0,698
9,557000;-0,2531;0,3352;0,6235;0,752
9,558000;-0,2790;0,3528;0,6870;0,821
9,563000;-0,2858;0,3674;0,7056;0,845
9,573000;-0,2751;0,3753;0,7119;0,850
9,583000;-0,2463;0,3806;0,6689;0,808
9,595000;-0,2081;0,3997;0,5971;0,748
9,658000;-0,1681;0,4485;0,5981;0,766
9,659000;-0,1285;0,4832;0,6196;0,796
9,660000;-0,1021;0,4896;0,6332;0,807
9,661000;-0,1026;0,4808;0,6709;0,832
9,661000;-0,1051;0,4696;0,7339;0,878
9,662000;-0,1119;0,4427;0,8477;0,963
9,663000;-0,1222;0,4099;1,0012;1,089
9,673000;-0,1305;0,4012;1,1116;1,189
9,683000;-0,1217;0,4007;1,1336;1,208
9,697000;-0,1031;0,4256;1,0828;1,168
9,754000;-0,0928;0,4642;0,9816;1,090
9,755000;-0,1070;0,5003;0,8771;1,015
9,756000;-0,1334;0,5165;0,8033;0,964
9,756000;-0,1441;0,5365;0,7500;0,933
9,756000;-0,1383;0,5697;0,7573;0,958
9,757000;-0,1402;0,5751;0,7798;0,979
9,763000;-0,1466;0,5502;0,7940;0,977
9,773000;-0,1554;0,5086;0,8126;0,971
9,783000;-0,2013;0,4730;0,8629;1,004
9,793000;-0,2653;0,4388;0,9078;1,043
9,853000;-0,3020;0,4202;0,9259;1,061
9,854000;-0,3034;0,4285;0,9054;1,047
9,855000;-0,2668;0,4598;0,8648;1,015
9,856000;-0,2106;0,5121;0,8106;0,982
9,857000;-0,1295;0,5692;0,7764;0,971
9,857000;-0,0665;0,5942;0,7549;0,963
9,863000;-0,0567;0,5868;0,7427;0,948
9,873000;-0,0762;0,5536;0,7349;0,923
9,883000;-0,1344;0,5091;0,7647;0,928
9,896000;-0,1935;0,4549;0,8531;0,986
9,959000;-0,2287;0,4197;0,9787;1,089
9,960000;-0,2511;0,3943;1,0481;1,148
9,961000;-0,2673;0,3948;1,0911;1,191
9,961000;-0,2360;0,4261;1,0774;1,182
9,962000;-0,2081;0,4270;0,9249;1,040
9,963000;-0,2531;0,4178;0,6973;0,851
9,963000;-0,2717;0,4495;0,4300;0,679
9,973000;-0,3542;0,4720;-0,1358;0,606
9,983000;-0,2204;0,5106;0,2785;0,622
9,992000;-0,1451;0,5565;0,4642;0,739
10,019000;-0,1393;0,5336;0,6469;0,850
10,019000;-0,1222;0,5360;0,7881;0,961
10,022000;-0,1080;0,5829;0,8595;1,044
10,032000;-0,1363;0,5560;0,7725;0,962
10,042000;-0,1373;0,4715;0,6503;0,815
10,054000;-0,1954;0,4344;0,6352;0,794
