time;gFx;gFy;gFz;TgF
0,002000;-0,0371;0,0875;0,9430;0,948
0,002000;-0,0679;0,0806;0,9929;0,998
0,014000;-0,0923;0,0787;1,0427;1,050
0,022000;-0,0967;0,0806;1,0994;1,107
0,032000;-0,0948;0,0777;1,0886;1,096
0,042000;-0,0860;0,0757;1,0412;1,048
0,052000;-0,0723;0,0796;1,0065;1,012
0,062000;-0,0567;0,0938;0,9601;0,966
0,073000;-0,0498;0,1065;0,9157;0,923
0,082000;-0,0430;0,1085;0,8946;0,902
0,092000;-0,0322;0,1046;0,8800;0,887
0,102000;-0,0415;0,0987;0,8771;0,884
0,112000;-0,0537;0,1036;0,9342;0,941
0,123000;-0,0728;0,0899;0,9709;0,978
0,132000;-0,0831;0,0762;1,0026;1,009
0,142000;-0,0865;0,0723;1,0212;1,027
0,152000;-0,0855;0,0767;0,9982;1,005
0,162000;-0,0855;0,0806;0,9635;0,971
0,172000;-0,0772;0,0840;0,9406;0,947
0,182000;-0,0660;0,0943;0,9425;0,950
0,192000;-0,0542;0,0953;0,9460;0,952
0,202000;-0,0577;0,0850;0,9523;0,958
0,212000;-0,0567;0,0743;0,9621;0,967
0,222000;-0,0601;0,0738;0,9758;0,980
0,232000;-0,0601;0,0723;0,9675;0,972
0,242000;-0,0640;0,0704;0,9792;0,984
0,252000;-0,0699;0,0650;0,9870;0,992
0,262000;-0,0767;0,0713;0,9963;1,002
0,273000;-0,0762;0,0689;1,0007;1,006
0,282000;-0,0708;0,0738;1,0139;1,019
0,293000;-0,0591;0,0743;0,9885;0,993
0,302000;-0,0479;0,0723;0,9704;0,974
0,312000;-0,0493;0,0752;0,9738;0,978
0,322000;-0,0493;0,0836;0,9831;0,988
0,332000;-0,0616;0,0777;0,9694;0,974
0,342000;-0,0660;0,0782;0,9733;0,979
0,352000;-0,0665;0,0718;0,9709;0,976
0,363000;-0,0762;0,0684;0,9684;0,974
0,373000;-0,0669;0,0689;0,9885;0,993
0,383000;-0,0635;0,0655;1,0070;1,011
0,392000;-0,0669;0,0572;0,9948;0,999
0,402000;-0,0635;0,0596;0,9831;0,987
0,412000;-0,0552;0,0674;0,9699;0,974
0,423000;-0,0474;0,0718;0,9587;0,963
0,432000;-0,0386;0,0757;0,9528;0,957
0,442000;-0,0469;0,0752;0,9543;0,958
0,452000;-0,0489;0,0767;0,9494;0,954
0,463000;-0,0459;0,0777;0,9552;0,959
0,472000;-0,0493;0,0772;0,9631;0,967
0,483000;-0,0542;0,0723;0,9772;0,981
0,493000;-0,0699;0,0655;0,9826;0,987
0,503000;-0,0713;0,0621;0,9890;0,993
0,513000;-0,0796;0,0523;0,9904;0,995
0,523000;-0,0811;0,0493;0,9953;1,000
0,537000;-0,0655;0,0518;1,0109;1,014
0,543000;-0,0650;0,0537;1,0017;1,005
0,552000;-0,0621;0,0645;0,9890;0,993
0,565000;-0,0513;0,0757;0,9821;0,986
0,573000;-0,0474;0,0845;0,9655;0,970
0,583000;-0,0450;0,0889;0,9450;0,950
0,593000;-0,0435;0,0831;0,9396;0,944
0,603000;-0,0415;0,0894;0,9557;0,961
0,613000;-0,0552;0,0801;0,9831;0,988
0,624000;-0,0635;0,0728;1,0100;1,015
0,637000;-0,0581;0,0704;1,0129;1,017
0,643000;-0,0537;0,0689;1,0178;1,022
0,653000;-0,0464;0,0640;1,0046;1,008
0,664000;-0,0513;0,0669;1,0090;1,013
0,673000;-0,0518;0,0762;1,0031;1,007
0,683000;-0,0508;0,0704;0,9753;0,979
0,693000;-0,0454;0,0723;0,9547;0,959
0,703000;-0,0445;0,0772;0,9557;0,960
0,713000;-0,0479;0,0796;0,9738;0,978
0,723000;-0,0591;0,0826;0,9992;1,004
0,737000;-0,0552;0,0762;1,0100;1,014
0,743000;-0,0406;0,0757;1,0007;1,004
0,753000;-0,0327;0,0777;0,9836;0,987
0,771000;-0,0279;0,0840;0,9919;0,996
0,773000;-0,0415;0,0801;1,0017;1,006
0,783000;-0,0396;0,0836;0,9948;0,999
0,793000;-0,0303;0,0870;0,9816;0,986
0,803000;-0,0283;0,0860;0,9787;0,983
0,813000;-0,0322;0,0909;0,9748;0,980
0,823000;-0,0293;0,0923;0,9621;0,967
0,834000;-0,0205;0,0831;0,9547;0,959
0,843000;-0,0156;0,0855;0,9567;0,961
0,853000;-0,0279;0,0860;0,9611;0,965
0,863000;-0,0391;0,0880;0,9811;0,986
0,873000;-0,0445;0,0855;0,9758;0,981
0,883000;-0,0464;0,0723;0,9699;0,974
0,893000;-0,0362;0,0738;0,9655;0,969
0,903000;-0,0186;0,0762;0,9660;0,969
0,913000;-0,0147;0,0831;0,9621;0,966
0,923000;-0,0147;0,0826;0,9728;0,976
0,935000;-0,0171;0,0796;0,9762;0,980
0,967000;-0,0186;0,0821;0,9762;0,980
0,968000;-0,0166;0,0767;0,9831;0,986
0,969000;-0,0107;0,0743;0,9924;0,995
0,973000;-0,0088;0,0787;0,9933;0,996
0,983000;-0,0049;0,0801;0,9748;0,978
0,993000;-0,0029;0,0733;0,9631;0,966
1,003000;-0,0044;0,0777;0,9714;0,974
1,013000;-0,0088;0,0840;0,9772;0,981
1,023000;-0,0235;0,0875;0,9728;0,977
1,035000;-0,0337;0,0855;0,9699;0,974
1,068000;-0,0357;0,0816;0,9650;0,969
1,069000;-0,0332;0,0782;0,9460;0,950
1,069000;-0,0357;0,0772;0,9582;0,962
1,073000;-0,0308;0,0723;0,9675;0,971
1,083000;-0,0220;0,0826;0,9704;0,974
1,093000;-0,0117;0,0880;0,9885;0,992
1,102000;-0,0171;0,0943;0,9919;0,997
1,112000;-0,0303;0,0977;0,9899;0,995
1,122000;-0,0366;0,0963;0,9772;0,983
1,136000;-0,0327;0,0982;0,9899;0,995
1,143000;-0,0205;0,0943;0,9841;0,989
1,152000;-0,0132;0,0933;0,9684;0,973
1,164000;-0,0098;0,0816;0,9626;0,966
1,172000;-0,0064;0,0708;0,9767;0,979
1,182000;-0,0088;0,0674;1,0051;1,007
1,193000;-0,0020;0,0684;1,0183;1,021
1,202000;-0,0122;0,0699;1,0280;1,030
1,212000;-0,0195;0,0733;1,0232;1,026
1,222000;-0,0166;0,0762;0,9929;0,996
1,232000;-0,0068;0,0821;0,9709;0,974
1,242000;-0,0039;0,0889;0,9508;0,955
1,252000;-0,0137;0,0894;0,9386;0,943
1,262000;-0,0142;0,0894;0,9381;0,942
1,272000;-0,0156;0,0865;0,9552;0,959
1,282000;-0,0200;0,0850;0,9665;0,970
1,292000;-0,0200;0,0840;0,9714;0,975
1,302000;-0,0132;0,0860;0,9640;0,968
1,312000;0,0020;0,0909;0,9645;0,969
1,322000;-0,0054;0,0923;0,9523;0,957
1,332000;-0,0054;0,0938;0,9591;0,964
1,342000;-0,0068;0,0933;0,9675;0,972
1,352000;-0,0088;0,0914;0,9846;0,989
1,362000;-0,0112;0,0899;0,9865;0,991
1,372000;-0,0181;0,0855;0,9855;0,989
1,382000;-0,0215;0,0875;0,9948;0,999
1,392000;-0,0239;0,0923;1,0036;1,008
1,402000;-0,0283;0,0933;0,9943;0,999
1,412000;-0,0151;0,0928;0,9987;1,003
1,422000;-0,0098;0,0923;0,9875;0,992
1,432000;-0,0078;0,0972;0,9655;0,970
1,442000;-0,0137;0,1026;0,9635;0,969
1,452000;-0,0112;0,1026;0,9738;0,979
1,462000;-0,0083;0,0963;0,9777;0,982
1,472000;-0,0103;0,0938;0,9792;0,984
1,482000;-0,0093;0,0953;0,9865;0,991
1,492000;-0,0005;0,0923;0,9846;0,989
1,502000;-0,0020;0,0909;0,9772;0,981
1,512000;-0,0064;0,0899;0,9626;0,967
1,522000;-0,0093;0,0938;0,9650;0,970
1,532000;-0,0103;0,0982;0,9689;0,974
1,542000;-0,0205;0,0889;0,9504;0,955
1,552000;-0,0200;0,0928;0,9504;0,955
1,562000;-0,0112;0,0850;0,9606;0,964
1,572000;-0,0068;0,0806;0,9826;0,986
1,582000;-0,0137;0,0811;0,9977;1,001
1,592000;-0,0103;0,0860;0,9943;0,998
1,602000;-0,0073;0,0953;0,9919;0,996
1,612000;-0,0122;0,0953;0,9831;0,988
1,622000;-0,0039;0,0943;0,9738;0,978
1,632000;0,0122;0,0963;0,9611;0,966
1,642000;0,0059;0,1007;0,9543;0,960
1,652000;-0,0049;0,1075;0,9528;0,959
1,662000;-0,0059;0,1080;0,9543;0,960
1,672000;-0,0142;0,1026;0,9655;0,971
1,682000;-0,0176;0,0992;0,9797;0,985
1,692000;-0,0137;0,0875;0,9865;0,990
1,702000;-0,0137;0,0806;0,9992;1,003
1,712000;-0,0137;0,0811;1,0119;1,015
1,722000;-0,0156;0,0787;1,0100;1,013
1,732000;-0,0191;0,0831;0,9929;0,997
1,745000;-0,0220;0,0889;0,9684;0,973
1,752000;-0,0200;0,0884;0,9601;0,964
1,762000;-0,0088;0,0840;0,9572;0,961
1,773000;-0,0088;0,0836;0,9655;0,969
1,782000;-0,0151;0,0855;0,9821;0,986
1,794000;-0,0156;0,0914;0,9894;0,994
1,803000;-0,0127;0,0928;1,0036;1,008
1,812000;-0,0015;0,0982;0,9977;1,003
1,823000;-0,0103;0,0967;0,9797;0,984
1,832000;-0,0093;0,1007;0,9689;0,974
1,858000;-0,0078;0,1041;0,9709;0,976
1,858000;-0,0147;0,1026;0,9660;0,972
1,873000;-0,0088;0,0982;0,9723;0,977
1,873000;-0,0015;0,0958;0,9635;0,968
1,882000;-0,0024;0,0963;0,9689;0,974
1,895000;-0,0093;0,0992;0,9948;1,000
1,902000;-0,0176;0,0889;1,0021;1,006
1,912000;-0,0176;0,0919;1,0065;1,011
1,923000;-0,0098;0,0948;0,9894;0,994
1,932000;-0,0020;0,0933;0,9640;0,969
1,953000;-0,0024;0,0982;0,9547;0,960
1,953000;-0,0093;0,0997;0,9425;0,948
1,962000;-0,0137;0,1099;0,9381;0,945
1,972000;-0,0264;0,1090;0,9274;0,934
1,982000;-0,0313;0,1031;0,9318;0,938
1,993000;-0,0171;0,0992;0,9455;0,951
2,002000;-0,0029;0,0972;0,9518;0,957
2,012000;-0,0147;0,0860;0,9728;0,977
2,023000;-0,0318;0,0953;0,9880;0,993
2,032000;-0,0357;0,0899;0,9899;0,995
2,057000;-0,0293;0,0889;0,9670;0,971
2,057000;-0,0347;0,0865;0,9567;0,961
2,065000;-0,0288;0,0923;0,9704;0,975
2,072000;-0,0274;0,0948;0,9855;0,990
2,082000;-0,0357;0,0948;0,9714;0,977
2,093000;-0,0283;0,1002;0,9635;0,969
2,102000;-0,0313;0,1016;0,9552;0,961
2,112000;-0,0293;0,0963;0,9552;0,961
2,122000;-0,0244;0,0943;0,9675;0,972
2,132000;-0,0337;0,0933;0,9714;0,976
2,153000;-0,0357;0,0982;0,9665;0,972
2,153000;-0,0396;0,0938;0,9665;0,972
2,162000;-0,0342;0,0831;0,9684;0,973
2,173000;-0,0191;0,0777;0,9860;0,989
2,183000;-0,0083;0,0782;1,0007;1,004
2,193000;-0,0083;0,0767;1,0178;1,021
2,203000;-0,0107;0,0718;1,0280;1,031
2,212000;-0,0083;0,0723;1,0236;1,026
2,223000;-0,0151;0,0806;1,0070;1,010
2,232000;-0,0244;0,0792;0,9782;0,982
2,260000;-0,0083;0,0865;0,9723;0,976
2,261000;0,0010;0,0782;0,9650;0,968
2,262000;0,0024;0,0782;0,9665;0,970
2,272000;-0,0034;0,0787;0,9846;0,988
2,282000;-0,0112;0,0796;0,9938;0,997
2,296000;-0,0259;0,0860;0,9914;0,995
2,302000;-0,0151;0,0840;0,9929;0,997
2,313000;0,0010;0,0811;0,9826;0,986
2,323000;0,0098;0,0796;0,9733;0,977
2,338000;0,0015;0,0782;0,9758;0,979
2,356000;-0,0010;0,0792;0,9831;0,986
2,357000;-0,0083;0,0850;0,9753;0,979
2,364000;-0,0142;0,0899;0,9816;0,986
2,372000;-0,0142;0,0987;0,9909;0,996
2,382000;-0,0156;0,0923;0,9914;0,996
2,393000;-0,0015;0,0919;0,9831;0,987
2,402000;0,0132;0,0928;0,9670;0,972
2,412000;0,0249;0,0875;0,9645;0,969
2,422000;0,0249;0,0884;0,9709;0,975
2,432000;0,0186;0,0992;0,9694;0,975
2,447000;0,0122;0,1007;0,9616;0,967
2,452000;0,0093;0,0967;0,9533;0,958
2,462000;0,0220;0,0914;0,9523;0,957
2,472000;0,0308;0,0831;0,9425;0,947
2,482000;0,0357;0,0845;0,9518;0,956
2,493000;0,0450;0,0884;0,9684;0,973
2,502000;0,0459;0,0958;0,9728;0,979
2,514000;0,0479;0,0933;0,9762;0,982
2,523000;0,0562;0,0914;0,9787;0,985
2,534000;0,0694;0,0909;0,9846;0,991
2,543000;0,0723;0,0914;0,9850;0,992
2,552000;0,0645;0,0997;0,9841;0,991
2,562000;0,0508;0,1041;0,9909;0,998
2,572000;0,0586;0,1021;1,0105;1,017
2,582000;0,0601;0,1031;1,0012;1,008
2,592000;0,0640;0,0923;0,9748;0,981
2,602000;0,0708;0,0792;0,9699;0,976
2,614000;0,0625;0,0723;0,9919;0,996
2,622000;0,0464;0,0796;1,0114;1,016
2,632000;0,0352;0,0782;1,0227;1,026
2,642000;0,0415;0,0821;1,0285;1,033
2,652000;0,0410;0,0821;1,0197;1,024
2,662000;0,0420;0,0894;1,0085;1,013
2,672000;0,0415;0,0948;0,9968;1,002
2,682000;0,0371;0,0963;0,9821;0,988
2,692000;0,0366;0,0997;0,9865;0,992
2,702000;0,0381;0,1041;0,9909;0,997
2,715000;0,0371;0,1046;0,9904;0,997
2,722000;0,0415;0,1021;0,9802;0,986
2,732000;0,0445;0,0963;0,9787;0,984
2,742000;0,0479;0,0963;0,9728;0,979
2,752000;0,0513;0,1002;0,9762;0,983
2,762000;0,0498;0,1041;0,9782;0,985
2,776000;0,0371;0,0992;0,9846;0,990
2,793000;0,0259;0,1036;0,9875;0,993
2,802000;0,0210;0,1011;0,9811;0,987
2,812000;0,0279;0,0914;0,9806;0,985
2,822000;0,0337;0,0948;0,9679;0,973
2,835000;0,0322;0,0982;0,9420;0,948
2,845000;0,0283;0,1031;0,9323;0,938
2,862000;0,0269;0,1090;0,9474;0,954
2,872000;0,0371;0,1046;0,9577;0,964
2,882000;0,0376;0,0958;0,9523;0,958
2,892000;0,0357;0,0914;0,9616;0,967
2,902000;0,0186;0,0914;0,9772;0,982
2,912000;0,0020;0,0821;0,9997;1,003
2,922000;-0,0034;0,0899;1,0119;1,016
2,932000;-0,0117;0,0899;1,0100;1,014
2,942000;-0,0083;0,0816;0,9958;0,999
2,952000;0,0068;0,0963;0,9997;1,004
2,962000;0,0044;0,1046;0,9855;0,991
2,972000;0,0044;0,1080;0,9587;0,965
2,982000;0,0054;0,1080;0,9235;0,930
2,992000;0,0078;0,1124;0,9171;0,924
3,002000;0,0147;0,1021;0,9386;0,944
3,012000;0,0132;0,0928;0,9743;0,979
3,022000;-0,0039;0,0933;1,0139;1,018
3,032000;-0,0112;0,0894;1,0271;1,031
3,042000;-0,0166;0,0792;1,0251;1,028
3,052000;-0,0137;0,0826;1,0173;1,021
3,062000;-0,0029;0,0865;0,9933;0,997
3,072000;0,0107;0,0987;0,9523;0,957
3,082000;0,0107;0,1119;0,9132;0,920
3,092000;0,0098;0,1197;0,8868;0,895
3,102000;0,0176;0,1231;0,8868;0,896
3,112000;0,0147;0,1158;0,8976;0,905
3,122000;0,0088;0,1134;0,9245;0,931
3,132000;-0,0064;0,1119;0,9440;0,951
3,142000;-0,0200;0,1129;0,9616;0,968
3,152000;-0,0195;0,1129;0,9762;0,983
3,162000;-0,0093;0,1021;0,9894;0,995
3,172000;0,0039;0,0992;1,0041;1,009
3,182000;0,0039;0,0958;1,0080;1,013
3,192000;0,0039;0,0889;1,0129;1,017
3,202000;0,0039;0,0860;0,9958;1,000
3,212000;-0,0068;0,0923;0,9846;0,989
3,222000;-0,0215;0,0997;0,9743;0,980
3,232000;-0,0230;0,0972;0,9709;0,976
3,242000;-0,0269;0,0884;0,9787;0,983
3,252000;-0,0269;0,0831;0,9924;0,996
3,262000;-0,0166;0,0816;1,0178;1,021
3,272000;-0,0073;0,0782;1,0183;1,021
3,282000;-0,0093;0,0752;1,0202;1,023
3,292000;-0,0186;0,0772;1,0153;1,018
3,302000;-0,0054;0,0831;1,0124;1,016
3,312000;0,0161;0,0777;1,0080;1,011
3,322000;0,0430;0,0694;0,9806;0,984
3,332000;0,0611;0,0655;0,9464;0,951
3,342000;0,0386;0,0723;0,9543;0,958
3,352000;0,0132;0,0752;0,9870;0,990
3,362000;-0,0122;0,0840;1,0119;1,015
3,372000;-0,0264;0,0787;1,0095;1,013
3,382000;-0,0283;0,0811;1,0036;1,007
3,392000;-0,0259;0,0865;0,9767;0,981
3,402000;-0,0015;0,0963;0,9445;0,949
3,413000;-0,0010;0,0997;0,9323;0,938
3,422000;-0,0010;0,1109;0,9440;0,950
3,432000;-0,0039;0,1143;0,9479;0,955
3,442000;-0,0176;0,1182;0,9240;0,932
3,452000;-0,0166;0,1129;0,9186;0,926
3,462000;-0,0147;0,1080;0,9293;0,936
3,472000;-0,0244;0,1104;0,9723;0,979
3,482000;-0,0406;0,1051;1,0012;1,007
3,492000;-0,0469;0,0992;1,0070;1,013
3,502000;-0,0210;0,0987;1,0090;1,014
3,512000;-0,0044;0,0938;0,9767;0,981
3,522000;0,0068;0,0928;0,9455;0,950
3,532000;0,0230;0,0894;0,9337;0,938
3,542000;0,0362;0,0919;0,9337;0,939
3,552000;0,0479;0,0933;0,9479;0,954
3,562000;0,0352;0,0665;0,9425;0,946
3,572000;0,0586;0,0752;0,9767;0,981
3,582000;0,0376;0,0572;1,0085;1,011
3,592000;-0,0024;0,0425;1,0349;1,036
3,602000;-0,0093;0,0347;1,0632;1,064
3,612000;-0,0156;0,0327;1,0603;1,061
3,622000;-0,0225;0,0391;1,0500;1,051
3,632000;-0,0186;0,0362;1,0334;1,034
3,642000;-0,0044;0,0318;1,0065;1,007
3,652000;-0,0073;0,0464;0,9880;0,989
3,662000;-0,0151;0,0581;0,9738;0,976
3,672000;-0,0342;0,0694;0,9714;0,974
3,682000;-0,0327;0,0870;0,9645;0,969
3,692000;-0,0401;0,0875;0,9494;0,954
3,703000;-0,0264;0,0919;0,9533;0,958
3,712000;-0,0215;0,0948;0,9362;0,941
3,722000;-0,0259;0,1007;0,9308;0,937
3,732000;-0,0142;0,1007;0,9513;0,957
3,742000;0,0039;0,0845;0,9547;0,958
3,752000;0,0151;0,0811;0,9333;0,937
3,763000;0,0093;0,0943;0,9464;0,951
3,772000;0,0005;0,1173;0,9572;0,964
3,782000;0,0005;0,1275;0,9455;0,954
3,792000;-0,0005;0,1324;0,9210;0,931
3,802000;0,0156;0,1378;0,9025;0,913
3,812000;0,0440;0,1295;0,9142;0,924
3,822000;0,0645;0,1217;0,9308;0,941
3,834000;0,0489;0,1261;0,9650;0,974
3,842000;0,0415;0,1520;0,9860;0,999
3,852000;0,0171;0,1627;0,9689;0,983
3,862000;-0,0005;0,1666;0,9533;0,968
3,872000;0,0020;0,1783;0,9406;0,957
3,882000;-0,0034;0,1632;0,8937;0,908
3,892000;-0,0029;0,1471;0,8424;0,855
3,902000;-0,0020;0,1344;0,8404;0,851
3,912000;0,0093;0,1397;0,8844;0,895
3,922000;-0,0015;0,1476;0,9460;0,957
3,936000;-0,0283;0,1099;0,9977;1,004
3,942000;-0,0029;0,0513;1,0378;1,039
3,952000;0,0200;0,0718;1,1170;1,119
3,962000;-0,0015;0,0591;1,1424;1,144
3,972000;-0,0215;0,0425;1,1424;1,143
3,982000;-0,0093;0,0327;1,1111;1,112
3,992000;0,0259;0,0464;1,0701;1,071
4,002000;0,0410;0,0606;1,0251;1,028
4,012000;0,0440;0,0831;0,9811;0,986
4,022000;0,0616;0,0948;0,9303;0,937
4,032000;0,0645;0,1046;0,9205;0,929
4,042000;0,0713;0,1168;0,9088;0,919
4,052000;0,0787;0,1202;0,8946;0,906
4,062000;0,0811;0,1051;0,9074;0,917
4,073000;0,1016;0,1236;0,9259;0,940
4,082000;0,0928;0,1217;0,9342;0,947
4,093000;0,0723;0,0958;0,9606;0,968
4,103000;0,0601;0,0967;0,9880;0,995
4,113000;0,0459;0,0919;1,0041;1,009
4,123000;0,0391;0,0904;0,9821;0,987
4,132000;0,0523;0,1036;0,9430;0,950
4,142000;0,0689;0,1168;0,9157;0,926
4,156000;0,0938;0,1226;0,9157;0,929
4,172000;0,0977;0,1109;0,9538;0,965
4,182000;0,0801;0,1192;0,9772;0,988
4,193000;0,0640;0,1314;0,9865;0,997
4,202000;0,0464;0,1456;0,9704;0,982
4,212000;0,0440;0,1681;0,9616;0,977
4,223000;0,0508;0,1969;0,9728;0,994
4,232000;0,0562;0,2057;0,9601;0,984
4,243000;0,0547;0,1998;0,9650;0,987
4,253000;0,0674;0,1886;0,9792;0,999
4,262000;0,0801;0,1710;1,0017;1,019
4,273000;0,0904;0,1647;1,0241;1,041
4,282000;0,0840;0,1437;1,0427;1,056
4,293000;0,0665;0,1168;1,0500;1,059
4,303000;0,0479;0,0860;1,0622;1,067
4,313000;0,0132;0,0616;1,1282;1,130
4,322000;-0,0259;0,0469;1,1785;1,180
4,332000;-0,0279;0,0484;1,1864;1,188
4,342000;-0,0049;0,0503;1,2284;1,229
4,352000;0,0068;0,0635;1,2079;1,210
4,363000;0,0337;0,0728;1,1678;1,171
4,372000;0,0660;0,0884;1,0710;1,077
4,382000;0,1085;0,0836;0,9811;0,991
4,392000;0,1539;0,0782;0,9240;0,940
4,402000;0,1593;0,0728;0,8986;0,915
4,413000;0,1373;0,0816;0,9235;0,937
4,422000;0,1036;0,0894;0,9762;0,986
4,432000;0,0611;0,0762;1,0232;1,028
4,442000;0,0303;0,0572;1,0500;1,052
4,455000;0,0112;0,0528;1,0598;1,061
4,486000;0,0098;0,0401;1,0627;1,064
4,487000;0,0215;0,0254;1,0637;1,064
4,488000;0,0469;0,0142;1,0725;1,074
4,492000;0,0855;0,0010;1,1057;1,109
4,502000;0,1300;-0,0054;1,1111;1,119
4,513000;0,1480;-0,0059;1,0759;1,086
4,522000;0,1368;-0,0044;1,0236;1,033
4,532000;0,1124;0,0054;0,9929;0,999
4,542000;0,0650;0,0239;0,9841;0,986
4,555000;0,0210;0,0518;1,0026;1,004
4,575000;-0,0254;0,0743;0,9904;0,994
4,576000;-0,0616;0,0840;0,9508;0,957
4,585000;-0,0362;0,0977;0,9010;0,907
4,592000;0,0132;0,1080;0,8350;0,842
4,602000;0,0665;0,1202;0,7940;0,806
4,613000;0,0660;0,1202;0,7945;0,806
4,622000;0,0425;0,1207;0,8140;0,824
4,632000;0,0132;0,1153;0,8453;0,853
4,642000;-0,0137;0,0919;0,8805;0,885
4,652000;-0,0191;0,0855;0,9171;0,921
4,666000;-0,0103;0,0889;0,9596;0,964
4,672000;-0,0005;0,0880;0,9694;0,973
4,682000;0,0161;0,0743;0,9186;0,922
4,692000;0,0513;0,0762;0,8810;0,886
4,702000;0,0738;0,0884;0,9132;0,920
4,713000;0,0723;0,0860;0,9269;0,934
4,722000;0,0801;0,0919;0,9274;0,935
4,732000;0,0669;0,0997;0,9259;0,934
4,742000;0,0440;0,1173;0,9118;0,920
4,753000;0,0308;0,1383;0,8907;0,902
4,772000;0,0205;0,1417;0,9015;0,913
4,773000;0,0401;0,1466;0,8844;0,897
4,783000;0,0591;0,1451;0,8644;0,878
4,792000;0,0723;0,1427;0,8732;0,888
4,802000;0,0694;0,1539;0,8775;0,894
4,813000;0,0616;0,1749;0,8692;0,889
4,822000;0,0425;0,1959;0,8565;0,880
4,832000;0,0181;0,2096;0,8609;0,886
4,842000;0,0054;0,2116;0,8922;0,917
4,853000;0,0093;0,2189;0,9264;0,952
4,863000;0,0127;0,2199;0,9308;0,957
4,872000;0,0147;0,2140;0,9118;0,937
4,882000;0,0205;0,2111;0,8946;0,919
4,892000;0,0147;0,2179;0,8785;0,905
4,902000;0,0357;0,2272;0,8634;0,893
4,913000;0,0239;0,2155;0,9005;0,926
4,922000;0,0235;0,2121;0,9098;0,934
4,932000;0,0450;0,2067;0,9118;0,936
4,942000;0,0562;0,2038;0,9274;0,951
4,952000;0,0581;0,1994;0,9538;0,976
4,963000;0,0606;0,1862;0,9748;0,994
4,972000;0,0655;0,1730;1,0017;1,019
4,982000;0,0865;0,1823;1,0202;1,040
4,992000;0,0645;0,1676;1,0056;1,021
5,002000;0,0616;0,1637;0,9870;1,002
5,013000;0,0371;0,1564;1,0056;1,018
5,022000;0,0498;0,1691;1,0207;1,036
5,032000;0,0503;0,1549;1,0676;1,080
5,042000;0,0474;0,1397;1,1126;1,122
5,052000;0,0489;0,1231;1,1487;1,156
5,076000;0,0489;0,1046;1,1888;1,194
5,077000;0,0503;0,0880;1,2181;1,222
5,084000;0,0811;0,0762;1,2469;1,252
5,092000;0,1148;0,0684;1,2269;1,234
5,103000;0,1622;0,0567;1,1805;1,193
5,114000;0,1930;0,0474;1,1214;1,139
5,122000;0,2155;0,0547;1,0823;1,105
5,132000;0,2370;0,0674;1,0725;1,100
5,142000;0,2165;0,0684;1,0642;1,088
5,152000;0,1862;0,0655;1,0588;1,077
5,171000;0,1671;0,0586;1,0950;1,109
5,172000;0,1432;0,0210;1,1585;1,168
5,182000;0,1114;-0,0166;1,2772;1,282
5,192000;0,0596;-0,0498;1,3818;1,384
5,202000;0,0435;-0,0625;1,3940;1,396
5,214000;0,0498;-0,0669;1,3246;1,327
5,222000;0,0674;-0,0650;1,2098;1,213
5,232000;0,0933;-0,0581;1,1140;1,119
5,243000;0,1358;-0,0303;1,0774;1,086
5,252000;0,1476;-0,0137;1,0202;1,031
5,263000;0,1319;0,0020;0,9528;0,962
5,281000;0,1368;0,0425;0,9005;0,912
5,283000;0,1114;0,0650;0,8790;0,888
5,293000;0,0704;0,0665;0,8775;0,883
5,303000;0,0484;0,0655;0,8893;0,893
5,313000;0,0410;0,0596;0,8619;0,865
5,323000;0,0523;0,0493;0,8150;0,818
5,340000;0,0684;0,0459;0,7916;0,796
5,343000;0,0894;0,0376;0,7461;0,752
5,374000;0,0840;0,0376;0,7363;0,742
5,376000;0,0884;0,0533;0,7144;0,722
5,376000;0,0508;0,0660;0,7100;0,715
5,383000;0,0577;0,0792;0,6816;0,689
5,393000;0,0044;0,0743;0,6914;0,695
5,403000;0,0049;0,0625;0,7148;0,718
5,414000;-0,0054;0,0591;0,7642;0,766
5,423000;0,0371;0,0635;0,8140;0,817
5,433000;0,0606;0,0723;0,8258;0,831
5,443000;0,0586;0,0699;0,7691;0,774
5,456000;0,0459;0,0616;0,7798;0,784
5,463000;0,0928;0,0792;0,7959;0,805
5,491000;0,1124;0,0982;0,8165;0,830
5,492000;0,1256;0,1324;0,8150;0,835
5,493000;0,1373;0,1554;0,7588;0,787
5,502000;0,1231;0,1686;0,7769;0,804
5,513000;0,0635;0,1901;0,8082;0,833
5,522000;0,0669;0,2223;0,8135;0,846
5,538000;0,0498;0,2223;0,8609;0,891
5,543000;0,1065;0,2301;0,9205;0,955
5,555000;0,2145;0,2326;0,9464;0,998
5,563000;0,2067;0,2042;0,9435;0,987
5,572000;0,1871;0,2165;0,9616;1,003
5,583000;0,1339;0,2345;0,9811;1,018
5,592000;0,0337;0,2766;0,9846;1,023
5,603000;0,0235;0,3200;0,9963;1,047
5,613000;0,0362;0,2878;1,0525;1,092
5,623000;0,1002;0,2682;1,0583;1,096
5,640000;0,0987;0,2673;1,0549;1,093
5,643000;0,1158;0,2653;1,0090;1,050
5,673000;0,1275;0,2663;0,9904;1,033
5,674000;0,1788;0,2472;1,0148;1,060
5,675000;0,2116;0,2345;1,0476;1,094
5,683000;0,2560;0,2199;1,1380;1,187
5,693000;0,2463;0,1940;1,2445;1,283
5,703000;0,1915;0,1700;1,2636;1,289
5,715000;0,1158;0,1705;1,2474;1,264
5,723000;0,0777;0,1686;1,1824;1,197
5,733000;0,0508;0,1422;1,1253;1,135
5,743000;0,0313;0,1324;1,0969;1,105
5,757000;0,0308;0,1622;1,0647;1,077
5,763000;0,0161;0,1754;1,0412;1,056
5,792000;0,0445;0,1598;1,0730;1,086
5,793000;0,0752;0,1334;1,1194;1,130
5,794000;0,0933;0,1158;1,1346;1,144
5,802000;0,0880;0,1051;1,1424;1,151
5,813000;0,1241;0,0875;1,1394;1,150
5,823000;0,1388;0,0572;1,1346;1,144
5,842000;0,1363;0,0464;1,1561;1,165
5,843000;0,1114;0,0503;1,1834;1,190
5,868000;0,1178;0,0445;1,2333;1,240
5,869000;0,1153;0,0186;1,2548;1,260
5,872000;0,0997;-0,0098;1,2513;1,255
5,883000;0,0743;-0,0010;1,2127;1,215
5,893000;0,0357;0,0415;1,1106;1,112
5,902000;0,0303;0,0684;0,9953;0,998
5,913000;0,0161;0,0762;0,8986;0,902
5,923000;-0,0098;0,0967;0,8179;0,824
5,941000;-0,0239;0,1349;0,7573;0,770
5,943000;-0,0352;0,1480;0,7290;0,745
5,964000;-0,0318;0,1456;0,7148;0,730
5,966000;-0,0269;0,1300;0,7246;0,737
5,973000;-0,0064;0,1290;0,7446;0,756
5,983000;-0,0010;0,1197;0,7696;0,779
5,992000;-0,0064;0,0909;0,7999;0,805
6,002000;-0,0161;0,0650;0,7818;0,785
6,013000;-0,0151;0,0508;0,7916;0,793
6,022000;-0,0088;0,0474;0,7666;0,768
6,038000;-0,0249;0,0640;0,7769;0,780
6,042000;-0,0440;0,0958;0,8267;0,833
6,053000;-0,0469;0,1041;0,8629;0,870
6,062000;-0,0151;0,1021;0,8477;0,854
6,072000;0,0191;0,0909;0,8003;0,806
6,082000;0,0347;0,0904;0,7657;0,772
6,092000;0,0533;0,0963;0,7583;0,766
6,102000;0,0562;0,1055;0,7642;0,773
6,112000;0,0352;0,1187;0,7710;0,781
6,122000;0,0239;0,1397;0,7984;0,811
6,137000;0,0352;0,1510;0,8463;0,860
6,142000;0,0493;0,1544;0,8707;0,886
6,152000;0,0596;0,1500;0,8932;0,908
6,163000;0,0645;0,1495;0,9342;0,948
6,173000;0,0640;0,1529;0,9645;0,979
6,183000;0,0503;0,1490;1,0051;1,017
6,192000;0,0347;0,1446;1,0148;1,026
6,204000;0,0440;0,1544;1,0085;1,021
6,212000;0,0567;0,1627;1,0080;1,023
6,223000;0,0665;0,1676;1,0031;1,019
6,238000;0,0772;0,1617;1,0158;1,032
6,242000;0,0850;0,1510;1,0363;1,051
6,257000;0,1109;0,1358;1,0598;1,074
6,264000;0,1295;0,1075;1,0847;1,098
6,275000;0,1627;0,0728;1,1131;1,127
6,282000;0,1959;0,0366;1,1614;1,178
6,292000;0,1920;0,0049;1,2357;1,251
6,302000;0,1783;-0,0005;1,3476;1,359
6,312000;0,1617;0,0450;1,4013;1,411
6,322000;0,1779;0,0782;1,3227;1,337
6,336000;0,1862;0,0665;1,2118;1,228
6,342000;0,1891;0,0640;1,0666;1,085
6,353000;0,2277;0,0875;0,9367;0,968
6,362000;0,2639;0,1104;0,9083;0,952
6,372000;0,2702;0,1070;0,9562;0,999
6,382000;0,2267;0,0650;1,0432;1,070
6,392000;0,1666;0,0093;1,1243;1,137
6,402000;0,1075;-0,0415;1,2137;1,219
6,412000;0,0748;-0,0630;1,3080;1,312
6,422000;0,0415;-0,0606;1,3178;1,320
6,437000;0,0195;-0,0562;1,2538;1,255
6,442000;0,0210;-0,0518;1,1966;1,198
6,461000;0,0552;-0,0611;1,0940;1,097
6,462000;0,1158;-0,0264;0,9909;0,998
6,473000;0,1661;0,0024;0,8829;0,898
6,483000;0,1725;0,0059;0,8204;0,838
6,492000;0,1564;-0,0068;0,7959;0,811
6,502000;0,1353;-0,0083;0,8399;0,851
6,513000;0,1285;-0,0235;0,9396;0,949
6,522000;0,1407;-0,0508;1,0354;1,046
6,541000;0,1573;-0,0669;1,0960;1,109
6,542000;0,1676;-0,0640;1,0984;1,113
6,567000;0,1725;-0,0616;1,0486;1,064
6,568000;0,1608;-0,0547;0,9787;0,993
6,572000;0,1285;-0,0708;0,9030;0,915
6,583000;0,1051;-0,0679;0,8824;0,891
6,592000;0,0777;-0,0469;0,8648;0,870
6,602000;0,0718;-0,0288;0,8394;0,843
6,612000;0,0752;0,0024;0,8116;0,815
6,622000;0,0948;0,0205;0,7754;0,781
6,640000;0,0836;0,0308;0,7461;0,751
6,643000;0,0865;0,0371;0,7231;0,729
6,671000;0,0972;0,0674;0,7183;0,728
6,672000;0,0821;0,0919;0,7192;0,730
6,672000;0,0772;0,0943;0,6997;0,710
6,683000;0,0723;0,0992;0,6709;0,682
6,692000;0,0757;0,1236;0,6650;0,681
6,702000;0,0875;0,1432;0,6552;0,676
6,712000;0,0904;0,1461;0,6518;0,674
6,722000;0,0972;0,1588;0,6787;0,704
6,744000;0,1041;0,1622;0,7187;0,744
6,745000;0,1060;0,1573;0,7764;0,799
6,766000;0,1041;0,1344;0,8492;0,866
6,767000;0,1173;0,1339;0,9181;0,935
6,772000;0,1383;0,1182;0,9684;0,985
6,782000;0,1695;0,0938;0,9577;0,977
6,792000;0,1910;0,1060;1,0197;1,043
6,802000;0,1676;0,1124;1,0813;1,100
6,812000;0,1480;0,1090;1,1101;1,125
6,822000;0,1383;0,1217;1,1204;1,135
6,838000;0,1153;0,1319;1,1311;1,145
6,842000;0,0787;0,1207;1,1131;1,122
6,864000;0,0806;0,1153;1,0813;1,090
6,866000;0,0674;0,1119;1,0955;1,103
6,873000;0,0484;0,0992;1,1297;1,135
6,883000;0,0298;0,0860;1,1761;1,180
6,892000;0,0088;0,0845;1,2245;1,227
6,902000;-0,0059;0,0953;1,2513;1,255
6,912000;-0,0029;0,0836;1,2171;1,220
6,922000;0,0142;0,0884;1,1614;1,165
6,938000;0,0186;0,1202;1,1355;1,142
6,944000;-0,0010;0,1256;1,1277;1,135
6,962000;-0,0054;0,1119;1,1580;1,163
6,973000;0,0205;0,0948;1,2059;1,210
6,984000;0,0391;0,0992;1,2201;1,225
6,993000;0,0489;0,0914;1,1868;1,191
7,002000;0,0796;0,0845;1,0945;1,101
7,013000;0,1036;0,0821;0,9953;1,004
7,022000;0,1055;0,0840;0,9010;0,911
7,035000;0,1178;0,0923;0,8448;0,858
7,042000;0,1163;0,0992;0,8517;0,865
7,052000;0,1241;0,0987;0,8971;0,911
7,062000;0,1085;0,0821;0,9381;0,948
7,072000;0,0679;0,0616;0,9660;0,970
7,083000;0,0435;0,0581;0,9792;0,982
7,092000;0,0366;0,0752;0,9963;1,000
7,102000;0,0459;0,0796;1,0031;1,007
7,112000;0,0533;0,0616;0,9743;0,978
7,122000;0,0406;0,0586;0,9230;0,926
7,139000;0,0528;0,0738;0,8565;0,861
7,142000;0,0782;0,0757;0,7823;0,790
7,162000;0,0860;0,0718;0,7207;0,729
7,162000;0,0708;0,0689;0,6919;0,699
7,172000;0,0611;0,0914;0,6938;0,702
7,184000;0,0586;0,1065;0,6997;0,710
7,193000;0,0616;0,1021;0,7158;0,726
7,202000;0,0601;0,1051;0,7466;0,756
7,212000;0,0630;0,1119;0,7525;0,763
7,222000;0,0484;0,1261;0,7368;0,749
7,242000;0,0362;0,1383;0,7207;0,735
7,243000;0,0401;0,1505;0,6894;0,707
7,278000;0,0450;0,1588;0,6523;0,673
7,279000;0,0425;0,1754;0,6459;0,671
7,279000;0,0445;0,2013;0,6606;0,692
7,287000;0,0469;0,2096;0,7153;0,747
7,292000;0,0440;0,2174;0,7828;0,814
7,302000;0,0244;0,2316;0,8609;0,892
7,313000;-0,0024;0,2458;0,9264;0,958
7,322000;-0,0171;0,2595;0,9611;0,996
7,340000;-0,0254;0,2717;0,9577;0,996
7,342000;-0,0147;0,2844;0,9279;0,971
7,370000;0,0039;0,2995;0,9025;0,951
7,371000;0,0298;0,3073;0,8990;0,951
7,372000;0,0386;0,3044;0,9166;0,967
7,383000;0,0191;0,2956;0,9836;1,027
7,392000;0,0195;0,2751;1,0754;1,110
7,402000;0,0205;0,2389;1,1673;1,192
7,412000;0,0249;0,1910;1,2621;1,277
7,422000;0,0445;0,1471;1,3417;1,350
7,439000;0,0904;0,1119;1,3842;1,392
7,442000;0,1358;0,0743;1,3901;1,399
7,462000;0,1744;0,0396;1,3877;1,399
7,463000;0,1950;0,0220;1,4013;1,415
7,472000;0,1920;0,0708;1,4082;1,423
7,487000;0,2121;0,1148;1,3671;1,388
7,493000;0,2253;0,0894;1,2577;1,281
7,503000;0,2409;0,0645;1,1297;1,157
7,513000;0,2350;0,0518;1,0657;1,093
7,523000;0,2028;0,0347;1,1135;1,132
7,543000;0,1832;0,0220;1,2352;1,249
7,544000;0,2174;0,0191;1,3007;1,319
7,577000;0,2375;-0,0059;1,2963;1,318
7,578000;0,2047;-0,0347;1,2411;1,258
7,578000;0,1783;-0,0269;1,2039;1,217
7,582000;0,1862;0,0034;1,1399;1,155
7,592000;0,1940;0,0274;1,0359;1,054
7,602000;0,1871;0,0288;0,9274;0,947
7,612000;0,1779;0,0239;0,8453;0,864
7,623000;0,1529;0,0015;0,8126;0,827
7,640000;0,1241;-0,0166;0,8722;0,881
7,642000;0,0963;-0,0552;0,9777;0,984
7,672000;0,0728;-0,0777;1,1165;1,122
7,673000;0,1002;-0,0806;1,1673;1,174
7,674000;0,0826;-0,0728;1,1565;1,162
7,684000;0,0875;-0,0635;1,0637;1,069
7,692000;0,0855;-0,0454;1,0129;1,018
7,702000;0,0738;-0,0342;0,8785;0,882
7,713000;0,0591;-0,0088;0,7476;0,750
7,722000;0,0635;0,0049;0,7163;0,719
7,744000;0,0669;0,0357;0,6161;0,621
7,745000;0,0381;0,0454;0,5292;0,532
7,777000;-0,0244;0,0635;0,5062;0,511
7,778000;-0,0772;0,0723;0,6034;0,613
7,778000;-0,0884;0,0806;0,6836;0,694
7,782000;-0,0684;0,0728;0,6948;0,702
7,792000;-0,0445;0,0577;0,6718;0,676
7,802000;-0,0362;0,0552;0,6293;0,633
7,813000;-0,0513;0,0596;0,6220;0,627
7,822000;-0,0655;0,1021;0,6347;0,646
7,843000;-0,0537;0,1226;0,6411;0,655
7,845000;-0,0249;0,1427;0,6523;0,668
7,881000;0,0332;0,1608;0,6543;0,675
7,882000;0,0689;0,1583;0,6728;0,695
7,883000;0,0762;0,1471;0,7173;0,736
7,884000;0,0875;0,1524;0,7701;0,790
7,893000;0,1143;0,1471;0,8194;0,840
7,902000;0,1266;0,1324;0,9039;0,922
7,913000;0,1524;0,1222;0,9968;1,016
7,923000;0,1671;0,1187;1,0803;1,100
7,933000;0,1593;0,1202;1,1776;1,194
7,943000;0,1759;0,1251;1,2499;1,268
7,976000;0,1608;0,1153;1,2919;1,307
7,978000;0,1642;0,1173;1,3119;1,327
7,979000;0,1647;0,1358;1,3149;1,332
7,982000;0,1383;0,1397;1,2909;1,306
7,993000;0,1173;0,1143;1,2577;1,268
8,003000;0,1046;0,0953;1,2572;1,265
8,013000;0,0880;0,1231;1,2807;1,290
8,022000;0,0415;0,1534;1,2636;1,274
8,034000;0,0288;0,2228;1,2298;1,250
8,047000;-0,1051;0,1290;1,1907;1,202
8,087000;-0,0689;0,1432;1,1595;1,170
8,088000;-0,0811;0,0992;1,2191;1,226
8,089000;-0,0151;0,0816;1,2978;1,300
8,090000;0,0464;0,0225;1,3481;1,349
8,093000;0,0699;-0,0435;1,4111;1,414
8,102000;0,0381;-0,0704;1,4834;1,486
8,112000;0,0127;-0,0855;1,5123;1,515
8,122000;0,0093;-0,1026;1,4321;1,436
8,133000;0,0225;-0,1036;1,3070;1,311
8,144000;0,0528;-0,0919;1,1903;1,195
8,171000;0,0772;-0,0694;1,0989;1,104
8,172000;0,0762;-0,0518;1,0002;1,004
8,173000;0,0801;-0,0406;0,9059;0,910
8,183000;0,0772;-0,0269;0,8272;0,831
8,193000;0,0562;-0,0029;0,7280;0,730
8,203000;0,0005;0,0020;0,7402;0,740
8,213000;-0,0215;0,0083;0,7920;0,792
8,223000;-0,0303;-0,0010;0,8038;0,804
8,233000;-0,0093;0,0010;0,7686;0,769
8,242000;0,0254;-0,0020;0,7324;0,733
8,283000;0,0239;-0,0220;0,7368;0,738
8,283000;-0,0020;-0,0127;0,7500;0,750
8,284000;-0,0112;0,0274;0,7490;0,750
8,284000;-0,0445;0,0352;0,7334;0,736
8,292000;-0,0621;0,0484;0,7085;0,713
8,302000;-0,0660;0,0816;0,6499;0,658
8,312000;-0,0552;0,1031;0,6029;0,614
8,322000;-0,0420;0,1217;0,5966;0,610
8,332000;-0,0337;0,1397;0,5976;0,615
8,343000;-0,0200;0,1480;0,6005;0,619
8,369000;-0,0078;0,1627;0,6142;0,635
8,370000;0,0020;0,1642;0,6528;0,673
8,372000;0,0298;0,1559;0,7393;0,756
8,382000;0,0992;0,1212;0,8619;0,876
8,392000;0,1652;-0,0450;0,8448;0,862
8,402000;0,3108;0,1705;0,8907;0,959
8,412000;0,1016;0,0645;0,9689;0,976
8,422000;0,0591;0,1104;1,0359;1,043
8,432000;-0,0122;0,1637;1,1087;1,121
8,447000;-0,0029;0,1627;1,0999;1,112
8,475000;0,0117;0,1368;1,0398;1,049
8,476000;0,0337;0,1324;0,9567;0,966
8,476000;0,0376;0,1710;0,8893;0,906
8,482000;0,0156;0,2096;0,8556;0,881
8,492000;-0,0059;0,2116;0,8438;0,870
8,502000;0,0049;0,2228;0,9249;0,951
8,512000;0,0386;0,2296;1,0642;1,089
8,522000;0,0645;0,2072;1,1717;1,192
8,532000;0,0782;0,1612;1,1971;1,210
8,543000;0,0591;0,1134;1,2093;1,216
8,570000;0,0498;0,0684;1,2577;1,261
8,570000;0,0533;0,0591;1,3285;1,331
8,572000;0,0518;0,1031;1,3745;1,379
8,582000;0,0713;0,1285;1,3070;1,315
8,592000;0,1212;0,1212;1,1932;1,205
8,602000;0,1769;0,1065;1,1155;1,134
8,612000;0,2106;0,0958;1,1492;1,172
8,622000;0,2091;0,1109;1,2465;1,269
8,632000;0,1852;0,1026;1,3183;1,335
8,643000;0,1285;0,0762;1,3232;1,332
8,683000;0,0816;0,0567;1,2802;1,284
8,684000;0,0410;0,0366;1,2215;1,223
8,684000;0,0430;0,0254;1,1546;1,156
8,684000;0,0860;0,0230;1,0808;1,084
8,692000;0,1334;0,0239;1,0144;1,023
8,702000;0,1603;0,0147;0,9802;0,993
8,712000;0,1754;0,0068;0,9577;0,974
8,722000;0,1583;-0,0005;0,9494;0,962
8,733000;0,1212;-0,0151;1,0178;1,025
8,743000;0,0948;-0,0347;1,0974;1,102
8,773000;0,0953;-0,0450;1,1067;1,112
8,775000;0,0836;-0,0376;1,0544;1,058
8,776000;0,0645;-0,0259;0,9719;0,974
8,783000;0,0469;-0,0064;0,8810;0,882
8,793000;0,0533;0,0200;0,7940;0,796
8,803000;0,0694;0,0386;0,6982;0,703
8,813000;0,0708;0,0674;0,6425;0,650
8,823000;0,0249;0,0801;0,6543;0,660
8,833000;-0,0513;0,0826;0,7373;0,744
8,845000;-0,0645;0,0816;0,7603;0,767
8,872000;-0,0450;0,0884;0,7158;0,723
8,873000;-0,0533;0,0982;0,6616;0,671
8,873000;-0,0508;0,1060;0,6342;0,645
8,883000;-0,0401;0,1173;0,6249;0,637
8,893000;-0,0181;0,1422;0,6205;0,637
8,903000;-0,0098;0,1583;0,5990;0,620
8,913000;-0,0044;0,1642;0,5902;0,613
8,923000;-0,0044;0,1813;0,6000;0,627
8,933000;0,0205;0,2023;0,6381;0,670
8,944000;0,0415;0,2101;0,6904;0,723
8,977000;0,0606;0,2077;0,7437;0,774
8,978000;0,0748;0,2042;0,7828;0,812
8,979000;0,0928;0,2062;0,8101;0,841
8,983000;0,0943;0,2091;0,8272;0,858
8,993000;0,0928;0,2145;0,8526;0,884
9,003000;0,1094;0,2218;0,8634;0,898
9,013000;0,1236;0,2272;0,8829;0,920
9,023000;0,1251;0,2213;0,9152;0,950
9,033000;0,1173;0,2057;0,9709;0,999
9,044000;0,1187;0,1910;1,0461;1,070
9,078000;0,1036;0,1783;1,1639;1,182
9,079000;0,0650;0,1823;1,2352;1,250
9,080000;0,0239;0,1759;1,2636;1,276
9,083000;-0,0117;0,1754;1,2411;1,253
9,093000;-0,0083;0,1857;1,2000;1,214
9,103000;0,0059;0,1788;1,1644;1,178
9,113000;0,0083;0,1441;1,1536;1,163
9,123000;-0,0083;0,0845;1,2440;1,247
9,133000;-0,0308;0,0694;1,3706;1,373
9,146000;-0,0982;0,1202;1,4570;1,465
9,179000;-0,1564;0,1593;1,4292;1,447
9,181000;-0,1598;0,1896;1,2860;1,310
9,181000;-0,1388;0,2316;1,1463;1,178
9,182000;-0,1231;0,2624;1,0789;1,117
9,193000;-0,0919;0,2702;1,1292;1,165
9,204000;-0,0215;0,2487;1,2044;1,230
9,213000;0,0689;0,1940;1,2523;1,269
9,222000;0,1329;0,1344;1,3036;1,317
9,233000;0,1256;0,0415;1,3593;1,366
9,245000;0,1060;-0,0445;1,3662;1,371
9,262000;0,0640;-0,1046;1,3320;1,338
9,262000;0,0655;-0,1187;1,2934;1,300
9,272000;0,1104;-0,1134;1,2513;1,261
9,282000;0,1466;-0,1226;1,2166;1,232
9,292000;0,1588;-0,1471;1,2406;1,259
9,303000;0,1515;-0,1749;1,2821;1,303
9,313000;0,1187;-0,1920;1,3569;1,376
9,323000;0,0552;-0,2189;1,3945;1,413
9,333000;0,0186;-0,2389;1,3847;1,405
9,345000;0,0054;-0,2326;1,2899;1,311
9,374000;0,0034;-0,2140;1,1785;1,198
9,375000;0,0518;-0,1700;1,0813;1,096
9,375000;0,1046;-0,1217;0,9992;1,012
9,382000;0,0586;-0,1031;0,9523;0,960
9,392000;0,0269;-0,0616;0,8277;0,830
9,404000;0,0127;-0,0274;0,7095;0,710
9,412000;-0,0264;-0,0088;0,7178;0,718
9,422000;-0,0508;-0,0088;0,7363;0,738
9,432000;-0,0269;0,0166;0,6929;0,694
9,442000;0,0107;0,0493;0,6078;0,610
9,457000;0,0811;0,0914;0,5785;0,591
9,462000;0,1383;0,1305;0,6000;0,629
9,472000;0,1182;0,1305;0,6352;0,659
9,482000;0,0591;0,1011;0,6875;0,697
9,492000;0,0200;0,0640;0,7476;0,751
9,502000;0,0137;0,0498;0,7906;0,792
9,512000;0,0225;0,0464;0,8096;0,811
9,522000;0,0498;0,0176;0,8111;0,813
9,532000;0,0953;-0,0181;0,8047;0,811
9,542000;0,1691;-0,0127;0,8194;0,837
9,561000;0,1705;-0,0151;0,8775;0,894
9,562000;0,1564;-0,0454;0,9220;0,936
9,572000;0,1876;-0,0728;0,9504;0,971
9,582000;0,2218;-0,0904;0,9591;0,989
9,592000;0,1964;-0,1153;0,9777;1,004
9,602000;0,1324;-0,1158;0,9948;1,010
9,612000;0,1236;-0,0684;0,8907;0,902
9,622000;0,1500;-0,0371;0,7192;0,736
9,632000;0,1432;-0,0318;0,6313;0,648
9,642000;0,1730;-0,0127;0,6635;0,686
9,658000;0,1686;-0,0156;0,7637;0,782
9,662000;0,1324;-0,0068;0,8473;0,858
9,672000;0,0826;0,0200;0,8815;0,886
9,682000;0,0591;0,0875;0,7881;0,795
9,692000;0,0410;0,1564;0,6523;0,672
9,702000;0,0616;0,1935;0,5443;0,581
9,712000;0,1349;0,1896;0,5795;0,624
9,722000;0,2204;0,1520;0,7940;0,838
9,732000;0,2233;0,1109;1,1561;1,183
9,742000;0,1671;0,0923;1,4267;1,439
9,760000;0,0904;0,0562;1,5005;1,504
9,763000;-0,0303;0,0103;1,4605;1,461
9,773000;-0,1236;-0,0484;1,5064;1,512
9,783000;0,0088;0,0806;1,3637;1,366
9,793000;0,0528;0,1715;1,3261;1,338
9,802000;0,0708;0,1998;1,2054;1,224
9,813000;0,0757;0,1867;1,1238;1,142
9,822000;0,0708;0,1446;1,0222;1,035
9,832000;0,0826;0,1134;0,9059;0,917
9,842000;0,0889;0,0782;0,8590;0,867
9,858000;0,1016;0,0445;0,9381;0,945
9,862000;0,1060;-0,0010;1,0964;1,102
9,872000;0,0909;-0,0484;1,2670;1,271
9,882000;0,0567;-0,0953;1,3676;1,372
9,892000;0,0269;-0,1290;1,3671;1,373
9,903000;0,0474;-0,1207;1,2728;1,279
9,913000;0,1016;-0,0743;1,1077;1,115
9,922000;0,1344;-0,0176;0,9376;0,947
9,932000;0,1994;0,0088;0,8399;0,863
9,945000;0,2306;0,0181;0,8258;0,858
9,973000;0,1896;0,0142;0,8331;0,855
9,974000;0,1187;-0,0186;0,8580;0,866
9,975000;0,0547;-0,0547;0,8619;0,865
9,982000;0,0112;-0,0708;0,8673;0,870
9,992000;-0,0215;-0,0894;0,8805;0,885
10,003000;-0,0147;-0,0713;0,8570;0,860
10,012000;0,0298;-0,0381;0,8116;0,813
10,023000;0,0655;-0,0098;0,8199;0,823
10,032000;0,0469;-0,0059;0,8375;0,839
10,043000;0,0318;-0,0205;0,8600;0,861
10,064000;0,0396;-0,0191;0,8399;0,841
10,065000;0,0425;-0,0020;0,7784;0,780
10,073000;0,0054;0,0093;0,7315;0,732
10,083000;-0,0391;0,0015;0,7393;0,740
10,092000;-0,0708;-0,0283;0,7808;0,785
10,103000;-0,1094;-0,0713;0,8277;0,838
10,113000;-0,1397;-0,0909;0,8722;0,888
10,123000;-0,1173;-0,0860;0,9264;0,938
10,133000;-0,0454;-0,0572;1,0534;1,056
10,142000;0,0235;-0,0332;1,2264;1,227
10,171000;0,0694;-0,0244;1,3261;1,328
10,172000;0,0733;-0,0210;1,3339;1,336
10,172000;0,0542;-0,0107;1,2846;1,286
10,182000;0,0210;0,0122;1,2132;1,213
10,192000;0,0088;0,0386;1,1907;1,191
10,203000;0,0420;0,0621;1,1693;1,172
10,212000;0,0572;0,0704;1,0740;1,078
10,223000;-0,0005;0,0762;1,0124;1,015
10,232000;-0,0997;0,0679;0,9973;1,005
10,242000;-0,1994;0,0723;1,0158;1,038
10,269000;-0,2726;0,0679;1,0789;1,115
10,269000;-0,3088;0,0425;1,1394;1,181
10,272000;-0,2736;0,0562;1,1844;1,217
10,282000;-0,1886;0,1051;1,2083;1,227
10,292000;-0,0557;0,1554;1,2074;1,219
10,304000;0,0577;0,2077;1,1370;1,157
10,312000;0,0953;0,2551;1,0168;1,053
10,322000;0,0244;0,2863;1,0202;1,060
10,333000;-0,1036;0,2238;1,1898;1,215
10,342000;-0,2013;0,1031;1,2416;1,262
10,368000;-0,2770;0,0127;1,1766;1,209
10,369000;-0,2634;-0,0020;1,1370;1,167
10,378000;-0,1681;0,0352;1,0495;1,063
10,383000;-0,0078;0,0293;0,9264;0,927
10,393000;0,0630;0,0313;0,7383;0,742
10,404000;-0,0137;0,0713;0,6552;0,659
10,413000;-0,0660;0,0919;0,7955;0,803
10,423000;-0,0313;0,0601;1,1688;1,171
10,433000;-0,0166;0,0244;1,3642;1,365
10,447000;-0,0777;-0,0132;1,3256;1,328
10,454000;-0,1471;-0,0235;1,1018;1,112
10,474000;-0,1451;-0,0274;0,7837;0,798
10,476000;-0,1339;-0,0166;0,5541;0,570
10,483000;-0,1207;0,0303;0,5507;0,565
10,492000;-0,1564;0,1090;0,7095;0,735
10,504000;-0,1695;0,1344;0,9118;0,937
10,513000;-0,1568;0,1060;1,0437;1,061
10,523000;-0,1036;0,0220;1,0901;1,095
10,533000;-0,1065;0,0537;1,1048;1,111
10,546000;-0,1060;0,1466;1,0730;1,088
10,554000;-0,1593;0,1573;0,9645;0,990
10,573000;-0,1959;0,1334;0,8365;0,869
10,575000;-0,1666;0,1373;0,7500;0,780
10,582000;-0,1857;0,1324;0,6953;0,732
10,593000;-0,2321;0,1099;0,6855;0,732
10,603000;-0,2077;0,1104;0,7114;0,749
10,613000;-0,1270;0,1270;0,7647;0,786
10,623000;-0,0425;0,1417;0,8350;0,848
10,633000;-0,0181;0,1485;0,8590;0,872
10,643000;-0,0523;0,1510;0,8145;0,830
10,653000;-0,0865;0,1627;0,7666;0,788
10,670000;-0,1217;0,1852;0,7930;0,823
10,672000;-0,1319;0,2248;0,8912;0,929
10,682000;-0,1730;0,2028;1,0422;1,076
10,692000;-0,1974;0,1373;1,0950;1,121
10,703000;-0,1363;0,1178;0,8917;0,910
10,712000;-0,0938;0,1290;0,8673;0,882
10,723000;-0,0347;0,1666;0,9479;0,963
10,733000;0,0713;0,2199;0,8907;0,920
10,743000;0,1725;0,2634;0,8287;0,886
10,753000;0,2121;0,2707;0,8775;0,943
10,772000;0,1681;0,2467;1,0031;1,047
10,773000;0,0347;0,2101;1,1697;1,189
10,783000;-0,1251;0,1642;1,3427;1,358
10,793000;-0,2277;0,1173;1,4048;1,428
10,803000;-0,2282;0,0792;1,3803;1,401
10,813000;-0,1793;0,0650;1,2298;1,245
10,823000;-0,1500;0,0635;1,0676;1,080
10,833000;-0,0650;0,1080;0,9010;0,910
10,843000;0,3914;0,1832;0,5292;0,683
10,853000;-0,0752;0,2257;0,9992;1,027
10,863000;-0,0362;0,3186;0,8590;0,917
10,872000;-0,1266;0,2922;0,8903;0,945
10,882000;-0,1896;0,2551;0,9264;0,979
10,892000;-0,1353;0,2228;0,9186;0,955
10,903000;-0,0313;0,1779;0,9943;1,011
10,912000;-0,0171;0,1573;1,0017;1,014
10,922000;-0,0596;0,1490;1,0012;1,014
10,933000;-0,1349;0,1236;0,9381;0,956
10,943000;-0,2072;0,1090;0,8629;0,894
10,953000;-0,2619;0,1075;0,8199;0,867
10,962000;-0,2257;0,1480;0,8272;0,870
10,973000;-0,1241;0,1989;0,8732;0,904
10,982000;-0,0205;0,2350;0,9176;0,947
10,993000;0,0528;0,2531;0,9161;0,952
11,003000;0,0743;0,2438;0,8795;0,916
11,013000;0,0757;0,2213;0,9093;0,939
11,022000;0,0699;0,2091;1,0070;1,031
11,033000;0,0498;0,1925;1,1028;1,121
11,043000;0,0166;0,1793;1,1517;1,166
11,053000;-0,0283;0,1700;1,1184;1,132
11,063000;-0,0503;0,1676;1,0495;1,064
11,073000;-0,0757;0,1534;0,9684;0,983
11,083000;-0,1031;0,1466;0,9347;0,952
11,093000;-0,1007;0,1608;0,9235;0,943
11,102000;-0,0733;0,1925;0,9655;0,987
11,112000;-0,0391;0,2345;1,0266;1,054
11,122000;-0,0098;0,2565;1,0637;1,094
11,132000;0,0112;0,2634;1,0491;1,082
11,142000;0,0064;0,2551;0,9963;1,028
11,152000;-0,0073;0,2433;0,9230;0,955
11,162000;-0,0313;0,2345;0,8790;0,910
11,172000;-0,0435;0,2223;0,8863;0,915
11,182000;-0,0762;0,1950;0,9357;0,959
11,192000;-0,1226;0,1661;0,9992;1,020
11,202000;-0,1397;0,1505;1,0495;1,069
11,212000;-0,1363;0,1583;1,0784;1,098
11,222000;-0,1241;0,1744;1,0828;1,104
11,232000;-0,0928;0,1969;1,0437;1,066
11,243000;-0,0660;0,2086;0,9762;1,000
11,252000;-0,0611;0,1974;0,8966;0,920
11,263000;-0,0757;0,1774;0,8365;0,858
11,273000;-0,1060;0,1676;0,8253;0,849
11,283000;-0,1324;0,1705;0,8766;0,903
11,293000;-0,1456;0,1764;0,9557;0,983
11,302000;-0,1461;0,1744;1,0197;1,045
11,312000;-0,1217;0,1798;1,0637;1,086
11,323000;-0,0728;0,1827;1,0691;1,087
11,332000;-0,0450;0,1857;1,0378;1,055
11,342000;-0,0454;0,1764;1,0105;1,027
11,352000;-0,0655;0,1622;0,9767;0,992
11,362000;-0,0933;0,1534;0,9508;0,968
11,372000;-0,1153;0,1520;0,9249;0,944
11,382000;-0,1314;0,1695;0,9157;0,940
11,392000;-0,1285;0,1896;0,9225;0,951
11,402000;-0,1231;0,2081;0,9357;0,966
11,412000;-0,1085;0,2121;0,9435;0,973
11,422000;-0,1055;0,2052;0,9616;0,989
11,432000;-0,1129;0,1915;0,9929;1,017
11,442000;-0,1246;0,1691;0,9904;1,012
11,452000;-0,1236;0,1593;0,9699;0,991
11,462000;-0,1158;0,1627;0,9518;0,973
11,472000;-0,1104;0,1642;0,9333;0,954
11,482000;-0,1046;0,1832;0,9215;0,945
11,492000;-0,0884;0,2096;0,9254;0,953
11,502000;-0,0845;0,2316;0,9396;0,971
11,512000;-0,0928;0,2355;0,9484;0,982
11,522000;-0,1007;0,2301;0,9567;0,989
11,533000;-0,1075;0,2091;0,9635;0,992
11,542000;-0,1173;0,1935;0,9684;0,995
11,552000;-0,1309;0,1920;0,9626;0,990
11,563000;-0,1451;0,1935;0,9538;0,984
11,573000;-0,1534;0,1979;0,9738;1,005
11,582000;-0,1490;0,1989;0,9973;1,028
11,592000;-0,1368;0,2028;0,9963;1,026
11,603000;-0,1153;0,2125;0,9714;1,001
11,612000;-0,0972;0,2306;0,9386;0,971
11,622000;-0,0821;0,2443;0,9118;0,947
11,633000;-0,0752;0,2404;0,9166;0,951
11,648000;-0,0836;0,2253;0,9284;0,959
11,653000;-0,1036;0,1979;0,9450;0,971
11,687000;-0,1358;0,1725;0,9606;0,985
11,688000;-0,1490;0,1769;0,9689;0,996
11,689000;-0,1495;0,1915;0,9582;0,988
11,692000;-0,1373;0,2111;0,9469;0,980
11,703000;-0,1236;0,2277;0,9416;0,977
11,713000;-0,1041;0,2321;0,9411;0,975
11,723000;-0,0840;0,2380;0,9342;0,968
11,732000;-0,0669;0,2424;0,9279;0,961
11,743000;-0,0728;0,2443;0,9127;0,948
11,753000;-0,0982;0,2340;0,9049;0,940
11,765000;-0,1231;0,2160;0,9147;0,948
11,804000;-0,1349;0,2008;0,9430;0,974
11,805000;-0,1300;0,1940;0,9846;1,012
11,805000;-0,1090;0,1979;1,0148;1,040
11,807000;-0,0811;0,2169;1,0144;1,040
11,812000;-0,0596;0,2404;0,9982;1,029
11,822000;-0,0542;0,2375;0,9635;0,994
11,833000;-0,0713;0,2282;0,9274;0,958
11,843000;-0,1055;0,2165;0,9088;0,940
11,852000;-0,1197;0,2057;0,9034;0,934
11,865000;-0,1163;0,2023;0,9235;0,952
11,895000;-0,1178;0,2013;0,9499;0,978
11,896000;-0,1090;0,2018;0,9547;0,982
11,897000;-0,0958;0,2008;0,9650;0,990
11,903000;-0,0894;0,2096;0,9743;1,001
11,913000;-0,0923;0,2204;0,9689;0,998
11,923000;-0,0894;0,2287;0,9499;0,981
11,932000;-0,0923;0,2277;0,9376;0,969
11,943000;-0,0889;0,2272;0,9303;0,962
11,953000;-0,0757;0,2292;0,9411;0,972
11,966000;-0,0728;0,2238;0,9587;0,987
11,976000;-0,0831;0,2213;0,9963;1,024
11,982000;-0,0982;0,2116;1,0236;1,050
11,992000;-0,1314;0,1945;1,0153;1,042
12,002000;-0,1568;0,1881;0,9880;1,018
12,012000;-0,1549;0,1998;0,9689;1,001
12,023000;-0,1261;0,2253;0,9455;0,980
12,032000;-0,0792;0,2502;0,9093;0,946
12,043000;-0,0469;0,2604;0,8990;0,937
12,052000;-0,0430;0,2609;0,9015;0,939
12,062000;-0,0674;0,2521;0,9127;0,949
12,072000;-0,1075;0,2267;0,9342;0,967
12,082000;-0,1495;0,2038;0,9572;0,990
12,092000;-0,1612;0,1959;0,9811;1,013
12,102000;-0,1583;0,1954;1,0085;1,039
12,112000;-0,1393;0,1940;1,0183;1,046
12,123000;-0,1134;0,2013;1,0012;1,027
12,132000;-0,0816;0,2277;0,9694;0,999
12,142000;-0,0557;0,2394;0,9323;0,964
12,152000;-0,0396;0,2521;0,9171;0,952
12,162000;-0,0420;0,2570;0,9401;0,975
12,181000;-0,0611;0,2443;0,9675;1,000
12,182000;-0,0894;0,2145;0,9841;1,011
12,192000;-0,1021;0,1950;0,9875;1,012
12,203000;-0,1295;0,1798;0,9650;0,990
12,212000;-0,1305;0,1910;0,9596;0,987
12,222000;-0,1153;0,2140;0,9606;0,991
12,233000;-0,0787;0,2419;0,9582;0,991
12,243000;-0,0376;0,2492;0,9533;0,986
12,253000;-0,0205;0,2443;0,9464;0,978
12,263000;-0,0303;0,2424;0,9264;0,958
12,299000;-0,0577;0,2365;0,9142;0,946
12,300000;-0,0840;0,2311;0,9103;0,943
12,301000;-0,0972;0,2296;0,8981;0,932
12,303000;-0,0997;0,2238;0,9039;0,937
12,313000;-0,0953;0,2155;0,9328;0,962
12,324000;-0,0850;0,2091;0,9709;0,997
12,333000;-0,0704;0,2101;0,9963;1,021
12,343000;-0,0689;0,2121;1,0075;1,032
12,353000;-0,0669;0,2169;0,9977;1,023
12,365000;-0,0665;0,2272;0,9679;0,996
12,411000;-0,0669;0,2345;0,9235;0,955
12,412000;-0,0655;0,2438;0,9005;0,935
12,412000;-0,0596;0,2409;0,8956;0,929
12,412000;-0,0606;0,2282;0,8868;0,918
12,413000;-0,0694;0,2145;0,8986;0,926
12,424000;-0,0845;0,2130;0,9386;0,966
12,433000;-0,0796;0,2199;1,0002;1,027
12,443000;-0,0625;0,2296;1,0295;1,057
12,453000;-0,0479;0,2389;1,0021;1,031
12,466000;-0,0386;0,2384;0,9562;0,986
12,515000;-0,0513;0,2389;0,9074;0,940
12,516000;-0,0704;0,2272;0,8805;0,912
12,516000;-0,0875;0,2086;0,8795;0,908
12,516000;-0,0899;0,2062;0,8981;0,926
12,517000;-0,0694;0,2169;0,9259;0,954
12,524000;-0,0396;0,2267;0,9885;1,015
12,533000;-0,0322;0,2340;1,0432;1,070
12,543000;-0,0420;0,2331;1,0486;1,075
12,553000;-0,0679;0,2145;1,0349;1,059
12,563000;-0,1041;0,1969;0,9992;1,024
12,608000;-0,1305;0,1867;0,9631;0,990
12,609000;-0,1226;0,1901;0,9567;0,983
12,610000;-0,0826;0,2067;0,9538;0,979
12,610000;-0,0586;0,2233;0,9577;0,985
12,613000;-0,0425;0,2355;0,9665;0,996
12,624000;-0,0425;0,2355;0,9538;0,983
12,633000;-0,0586;0,2262;0,9245;0,954
12,642000;-0,0679;0,2165;0,9020;0,930
12,653000;-0,0899;0,2062;0,9000;0,928
12,666000;-0,1060;0,2057;0,9205;0,949
12,673000;-0,0938;0,2052;0,9513;0,978
12,714000;-0,0684;0,2052;0,9787;1,002
12,715000;-0,0459;0,2150;0,9914;1,015
12,715000;-0,0371;0,2228;0,9968;1,022
12,716000;-0,0567;0,2204;0,9782;1,004
12,724000;-0,0816;0,2184;0,9557;0,984
12,732000;-0,0806;0,2194;0,9547;0,983
12,743000;-0,0723;0,2194;0,9513;0,979
12,752000;-0,0621;0,2179;0,9455;0,972
12,765000;-0,0586;0,2174;0,9406;0,967
12,772000;-0,0547;0,2238;0,9284;0,957
12,788000;-0,0586;0,2248;0,9494;0,977
12,792000;-0,0757;0,2267;0,9645;0,994
12,802000;-0,1036;0,2189;0,9679;0,998
12,812000;-0,1153;0,2038;0,9968;1,024
12,823000;-0,1094;0,2023;1,0212;1,047
12,832000;-0,0777;0,2086;1,0188;1,043
12,843000;-0,0577;0,2194;0,9841;1,010
12,852000;-0,0836;0,2018;0,8780;0,905
12,867000;-0,1368;0,1994;0,7446;0,783
12,872000;-0,1173;0,2277;0,8717;0,909
12,883000;-0,1305;0,2253;0,9899;1,024
12,892000;-0,1485;0,2072;1,0241;1,055
12,902000;-0,1231;0,1998;0,9904;1,018
12,912000;-0,1036;0,1915;0,8849;0,911
12,922000;-0,1324;0,1769;0,7661;0,797
12,933000;-0,1075;0,1803;0,7720;0,800
12,944000;-0,0362;0,2057;0,9210;0,944
