time;gFx;gFy;gFz;TgF
0,006000;-0,0440;0,1055;0,9137;0,921
0,007000;-0,0454;0,1197;0,9445;0,953
0,007000;-0,0586;0,1109;0,9318;0,940
0,011000;-0,0479;0,1094;0,9308;0,938
0,020000;-0,0386;0,1055;0,9455;0,952
0,030000;-0,0415;0,1085;0,9557;0,963
0,042000;-0,0450;0,1129;0,9494;0,957
0,050000;-0,0381;0,1129;0,9357;0,943
0,060000;-0,0342;0,1158;0,9196;0,927
0,071000;-0,0293;0,1202;0,9269;0,935
0,081000;-0,0347;0,1197;0,9284;0,937
0,090000;-0,0376;0,1231;0,9411;0,950
0,100000;-0,0391;0,1187;0,9547;0,963
0,110000;-0,0352;0,1138;0,9811;0,988
0,122000;-0,0327;0,1007;1,0056;1,011
0,130000;-0,0386;0,1002;1,0158;1,021
0,140000;-0,0425;0,1041;1,0158;1,022
0,151000;-0,0479;0,1002;1,0051;1,011
0,163000;-0,0440;0,0894;1,0051;1,010
0,170000;-0,0371;0,0880;1,0139;1,018
0,180000;-0,0401;0,0875;1,0251;1,030
0,190000;-0,0445;0,0752;1,0236;1,027
0,201000;-0,0391;0,0875;1,0236;1,028
0,211000;-0,0362;0,0889;0,9997;1,004
0,220000;-0,0415;0,0958;0,9733;0,979
0,231000;-0,0425;0,1163;0,9596;0,968
0,247000;-0,0440;0,1163;0,9577;0,966
0,250000;-0,0401;0,1124;0,9538;0,961
0,261000;-0,0445;0,1124;0,9450;0,953
0,270000;-0,0464;0,0958;0,9562;0,962
0,280000;-0,0420;0,0904;0,9753;0,980
0,290000;-0,0401;0,0967;0,9904;0,996
0,300000;-0,0386;0,0997;0,9890;0,995
0,311000;-0,0362;0,1002;0,9816;0,987
0,320000;-0,0279;0,0972;0,9655;0,971
0,330000;-0,0274;0,0992;0,9650;0,970
0,346000;-0,0205;0,1070;0,9821;0,988
0,350000;-0,0186;0,1119;0,9870;0,993
0,360000;-0,0308;0,1153;0,9919;0,999
0,371000;-0,0410;0,1055;0,9875;0,994
0,380000;-0,0406;0,0992;0,9894;0,995
0,390000;-0,0308;0,0977;0,9943;1,000
0,400000;-0,0318;0,0987;0,9924;0,998
0,411000;-0,0274;0,0899;0,9924;0,997
0,420000;-0,0288;0,0909;0,9870;0,992
0,431000;-0,0391;0,0928;0,9850;0,990
0,447000;-0,0376;0,0865;0,9875;0,992
0,451000;-0,0337;0,0894;0,9821;0,987
0,460000;-0,0249;0,0972;0,9743;0,979
0,471000;-0,0342;0,0928;0,9650;0,970
0,481000;-0,0293;0,0899;0,9631;0,968
0,491000;-0,0342;0,0943;0,9655;0,971
0,501000;-0,0308;0,0938;0,9631;0,968
0,511000;-0,0215;0,0933;0,9567;0,961
0,521000;-0,0107;0,1007;0,9445;0,950
0,531000;-0,0103;0,0919;0,9328;0,937
0,550000;-0,0029;0,0943;0,9528;0,957
0,552000;-0,0088;0,1002;0,9748;0,980
0,561000;-0,0259;0,0953;0,9753;0,980
0,571000;-0,0410;0,0875;0,9753;0,980
0,581000;-0,0264;0,0762;0,9670;0,970
0,591000;-0,0083;0,0733;0,9621;0,965
0,601000;-0,0029;0,0870;0,9850;0,989
0,611000;-0,0215;0,1011;1,0129;1,018
0,621000;-0,0332;0,0967;1,0109;1,016
0,631000;-0,0308;0,0865;0,9743;0,979
0,651000;-0,0181;0,0865;0,9591;0,963
0,652000;-0,0156;0,0928;0,9689;0,973
0,664000;-0,0147;0,0987;0,9885;0,993
0,671000;-0,0176;0,1011;0,9982;1,004
0,684000;-0,0254;0,0987;0,9899;0,995
0,691000;-0,0215;0,0914;0,9547;0,959
0,701000;-0,0225;0,0899;0,9543;0,959
0,711000;-0,0200;0,0963;0,9552;0,960
0,720000;-0,0220;0,0958;0,9499;0,955
0,730000;-0,0171;0,0943;0,9562;0,961
0,750000;-0,0112;0,0992;0,9684;0,974
0,751000;-0,0283;0,0933;0,9802;0,985
0,760000;-0,0366;0,0928;0,9797;0,985
0,770000;-0,0371;0,0826;0,9743;0,978
0,780000;-0,0264;0,0787;0,9762;0,980
0,790000;-0,0225;0,0831;0,9880;0,992
0,800000;-0,0259;0,0880;0,9865;0,991
0,810000;-0,0254;0,0860;0,9714;0,975
0,820000;-0,0215;0,0904;0,9816;0,986
0,830000;-0,0186;0,0816;0,9860;0,990
0,848000;-0,0274;0,0811;0,9904;0,994
0,850000;-0,0235;0,0787;0,9885;0,992
0,861000;-0,0230;0,0762;0,9694;0,973
0,870000;-0,0186;0,0792;0,9665;0,970
0,880000;-0,0176;0,0865;0,9606;0,965
0,890000;-0,0215;0,0894;0,9616;0,966
0,900000;-0,0210;0,0884;0,9621;0,966
0,910000;-0,0215;0,0870;0,9504;0,955
0,920000;-0,0205;0,0894;0,9318;0,936
0,930000;-0,0137;0,0875;0,9166;0,921
0,943000;-0,0029;0,0914;0,9279;0,932
0,950000;-0,0127;0,0884;1,0002;1,004
0,960000;-0,0020;0,0738;1,0280;1,031
0,970000;-0,0117;0,0704;1,0178;1,020
0,980000;-0,0181;0,0586;0,9841;0,986
0,990000;-0,0083;0,0625;0,9846;0,987
1,000000;0,0020;0,0708;1,0046;1,007
1,010000;-0,0044;0,0708;1,0227;1,025
1,020000;-0,0059;0,0772;1,0090;1,012
1,030000;-0,0034;0,0733;0,9802;0,983
1,044000;0,0024;0,0831;0,9577;0,961
1,050000;0,0044;0,0982;0,9469;0,952
1,060000;-0,0083;0,0909;0,9577;0,962
1,070000;-0,0034;0,0880;0,9870;0,991
1,080000;-0,0039;0,0855;0,9899;0,994
1,090000;-0,0078;0,0826;0,9899;0,993
1,100000;-0,0039;0,0831;0,9816;0,985
1,110000;-0,0015;0,0836;0,9626;0,966
1,120000;0,0034;0,0796;0,9489;0,952
1,130000;0,0088;0,0762;0,9513;0,954
1,148000;0,0078;0,0752;0,9587;0,962
1,150000;0,0024;0,0796;0,9489;0,952
1,168000;0,0024;0,0836;0,9313;0,935
1,170000;-0,0005;0,0787;0,9274;0,931
1,180000;-0,0064;0,0650;0,9367;0,939
1,190000;-0,0029;0,0674;0,9860;0,988
1,200000;-0,0054;0,0674;1,0119;1,014
1,210000;-0,0112;0,0567;1,0021;1,004
1,220000;-0,0020;0,0435;0,9777;0,979
1,230000;0,0020;0,0371;0,9660;0,967
1,247000;0,0230;0,0362;1,0031;1,004
1,250000;0,0210;0,0322;1,0305;1,031
1,267000;0,0064;0,0352;1,0202;1,021
1,270000;0,0117;0,0474;0,9943;0,996
1,280000;-0,0117;0,0489;0,9953;0,997
1,290000;-0,0024;0,0699;0,9943;0,997
1,300000;-0,0039;0,0733;0,9846;0,987
1,310000;-0,0034;0,0699;0,9719;0,974
1,320000;0,0005;0,0689;0,9587;0,961
1,330000;0,0039;0,0708;0,9469;0,950
1,349000;0,0073;0,0713;0,9523;0,955
1,351000;0,0093;0,0704;0,9626;0,965
1,367000;0,0107;0,0728;0,9626;0,965
1,370000;0,0078;0,0728;0,9670;0,970
1,381000;0,0049;0,0704;0,9846;0,987
1,391000;0,0020;0,0743;1,0051;1,008
1,400000;0,0029;0,0713;1,0139;1,016
1,410000;-0,0039;0,0635;1,0100;1,012
1,421000;-0,0015;0,0537;0,9855;0,987
1,431000;0,0098;0,0591;0,9850;0,987
1,449000;0,0127;0,0645;0,9797;0,982
1,450000;0,0132;0,0694;0,9723;0,975
1,471000;0,0132;0,0821;0,9635;0,967
1,472000;0,0147;0,0792;0,9513;0,955
1,480000;0,0088;0,0821;0,9635;0,967
1,490000;0,0024;0,0792;0,9953;0,998
1,500000;-0,0147;0,0777;1,0222;1,025
1,510000;-0,0313;0,0728;1,0178;1,021
1,520000;-0,0225;0,0650;1,0090;1,011
1,530000;-0,0117;0,0562;1,0144;1,016
1,547000;-0,0093;0,0474;1,0324;1,034
1,550000;-0,0161;0,0410;1,0481;1,049
1,561000;-0,0181;0,0376;1,0559;1,057
1,570000;-0,0308;0,0264;1,0491;1,050
1,581000;-0,0415;0,0318;1,0505;1,052
1,591000;-0,0415;0,0401;1,0427;1,044
1,600000;-0,0464;0,0493;1,0437;1,046
1,610000;-0,0440;0,0650;1,0285;1,032
1,620000;-0,0503;0,0801;0,9821;0,987
1,630000;-0,0567;0,0884;0,9445;0,950
1,649000;-0,0557;0,1051;0,9220;0,930
1,650000;-0,0581;0,1217;0,9157;0,926
1,675000;-0,0577;0,1261;0,9152;0,926
1,676000;-0,0557;0,1217;0,9269;0,937
1,681000;-0,0508;0,1134;0,9347;0,943
1,691000;-0,0567;0,1134;0,9401;0,949
1,701000;-0,0542;0,1143;0,9562;0,965
1,711000;-0,0459;0,1090;0,9714;0,979
1,721000;-0,0366;0,0967;0,9679;0,973
1,731000;-0,0288;0,0953;0,9601;0,965
1,750000;-0,0230;0,0948;0,9513;0,956
1,751000;-0,0112;0,0845;0,9460;0,950
1,776000;-0,0127;0,0713;0,9220;0,925
1,777000;-0,0005;0,0635;0,9161;0,918
1,781000;0,0235;0,0679;0,9245;0,927
1,792000;0,0347;0,0625;0,9562;0,959
1,801000;0,0357;0,0542;1,0046;1,007
1,811000;0,0410;0,0533;1,0236;1,026
1,821000;0,0342;0,0410;1,0349;1,036
1,831000;0,0195;0,0357;1,0427;1,043
1,851000;0,0122;0,0288;1,0764;1,077
1,852000;0,0107;0,0200;1,0925;1,093
1,877000;0,0005;0,0151;1,0784;1,078
1,878000;-0,0020;0,0161;1,0588;1,059
1,886000;-0,0005;0,0161;1,0554;1,056
1,901000;0,0151;0,0176;1,0525;1,053
1,902000;0,0283;0,0259;1,0427;1,043
1,918000;0,0308;0,0425;1,0383;1,040
1,921000;0,0225;0,0508;1,0134;1,015
1,934000;0,0156;0,0562;0,9943;0,996
1,942000;0,0147;0,0572;0,9831;0,985
1,951000;0,0103;0,0523;0,9821;0,984
1,971000;0,0098;0,0440;0,9914;0,992
1,972000;0,0078;0,0440;0,9899;0,991
1,991000;0,0107;0,0484;0,9811;0,982
1,992000;0,0151;0,0513;0,9533;0,955
2,000000;0,0269;0,0464;0,9484;0,950
2,011000;0,0425;0,0469;0,9577;0,960
2,021000;0,0528;0,0630;0,9621;0,966
2,030000;0,0454;0,0699;0,9611;0,965
2,045000;0,0430;0,0704;0,9596;0,963
2,050000;0,0528;0,0728;0,9547;0,959
2,064000;0,0557;0,0689;0,9435;0,948
2,070000;0,0567;0,0718;0,9406;0,945
2,080000;0,0611;0,0752;0,9391;0,944
2,092000;0,0606;0,0738;0,9401;0,945
2,100000;0,0645;0,0767;0,9489;0,954
2,110000;0,0616;0,0801;0,9342;0,940
2,121000;0,0655;0,0757;0,9308;0,936
2,131000;0,0704;0,0767;0,9289;0,935
2,150000;0,0650;0,0708;0,9137;0,919
2,151000;0,0640;0,0728;0,9157;0,921
2,171000;0,0562;0,0811;0,9367;0,942
2,172000;0,0484;0,0933;0,9591;0,965
2,181000;0,0235;0,1016;0,9748;0,980
2,192000;0,0151;0,1114;0,9714;0,978
2,201000;0,0112;0,1192;0,9533;0,961
2,211000;0,0225;0,1222;0,9259;0,934
2,221000;0,0352;0,1212;0,9000;0,909
2,231000;0,0430;0,1339;0,8883;0,899
2,251000;0,0435;0,1339;0,8815;0,893
2,252000;0,0430;0,1329;0,8829;0,894
2,270000;0,0445;0,1300;0,9064;0,917
2,271000;0,0498;0,1275;0,9396;0,950
2,281000;0,0469;0,1270;0,9626;0,972
2,292000;0,0362;0,1192;0,9826;0,990
2,301000;0,0298;0,1114;1,0021;1,009
2,311000;0,0347;0,1099;1,0139;1,020
2,321000;0,0357;0,1036;1,0168;1,023
2,331000;0,0415;0,1090;1,0183;1,025
2,351000;0,0396;0,1060;0,9968;1,003
2,352000;0,0523;0,1041;0,9767;0,984
2,370000;0,0586;0,1041;0,9679;0,975
2,372000;0,0577;0,1080;0,9802;0,988
2,381000;0,0562;0,1085;0,9963;1,004
2,392000;0,0508;0,1055;1,0153;1,022
2,401000;0,0440;0,1016;1,0168;1,023
2,411000;0,0313;0,0928;1,0241;1,029
2,421000;0,0254;0,0801;1,0354;1,039
2,431000;0,0166;0,0738;1,0525;1,055
2,451000;0,0147;0,0860;1,0642;1,068
2,452000;0,0088;0,0933;1,0505;1,055
2,472000;0,0107;0,1002;1,0212;1,026
2,473000;0,0127;0,1007;0,9850;0,990
2,481000;0,0215;0,1070;0,9435;0,950
2,492000;0,0264;0,1153;0,9235;0,931
2,501000;0,0244;0,1217;0,9298;0,938
2,511000;0,0147;0,1207;0,9425;0,950
2,521000;0,0068;0,1192;0,9552;0,963
2,531000;-0,0078;0,1197;0,9694;0,977
2,541000;-0,0122;0,1197;0,9606;0,968
2,551000;-0,0132;0,1109;0,9499;0,956
2,568000;-0,0029;0,1104;0,9386;0,945
2,571000;0,0122;0,1119;0,9352;0,942
2,588000;0,0259;0,1114;0,9396;0,947
2,596000;0,0254;0,1051;0,9416;0,948
2,601000;0,0288;0,1031;0,9367;0,943
2,611000;0,0283;0,0992;0,9411;0,947
2,621000;0,0176;0,0972;0,9435;0,949
2,631000;0,0093;0,0997;0,9582;0,963
2,641000;0,0034;0,0963;0,9640;0,969
2,651000;-0,0020;0,1011;0,9694;0,975
2,668000;-0,0068;0,1124;0,9699;0,976
2,671000;-0,0020;0,1251;0,9484;0,957
2,694000;-0,0010;0,1305;0,9166;0,926
2,695000;0,0029;0,1305;0,9074;0,917
2,701000;0,0088;0,1295;0,9059;0,915
2,711000;0,0098;0,1417;0,9196;0,930
2,721000;0,0078;0,1495;0,9308;0,943
2,731000;0,0049;0,1471;0,9406;0,952
2,743000;0,0015;0,1412;0,9533;0,964
2,751000;0,0029;0,1490;0,9733;0,985
2,767000;0,0039;0,1656;0,9904;1,004
2,771000;-0,0112;0,1319;0,9914;1,000
2,785000;0,0098;0,1295;0,9870;0,996
2,791000;0,0200;0,1368;0,9846;0,994
2,800000;0,0142;0,1339;0,9811;0,990
2,811000;0,0088;0,1266;0,9728;0,981
2,821000;0,0083;0,1256;0,9640;0,972
2,831000;0,0103;0,1300;0,9518;0,961
2,840000;0,0068;0,1334;0,9582;0,967
2,851000;0,0005;0,1334;0,9601;0,969
2,867000;-0,0073;0,1319;0,9611;0,970
2,870000;-0,0195;0,1285;0,9606;0,969
2,882000;-0,0161;0,1295;0,9631;0,972
2,890000;-0,0239;0,1226;0,9728;0,981
2,900000;-0,0357;0,1163;0,9909;0,998
2,910000;-0,0381;0,1114;1,0021;1,009
2,921000;-0,0259;0,1036;0,9948;1,001
2,930000;-0,0235;0,1016;0,9831;0,989
2,941000;-0,0225;0,1094;0,9650;0,971
2,951000;-0,0220;0,1148;0,9582;0,965
2,968000;-0,0254;0,1109;0,9621;0,969
2,970000;-0,0235;0,1138;0,9596;0,967
2,983000;-0,0235;0,1104;0,9738;0,980
2,990000;-0,0176;0,1065;1,0026;1,008
3,000000;-0,0103;0,1021;1,0232;1,028
3,010000;-0,0083;0,0972;1,0290;1,034
3,021000;-0,0098;0,0943;1,0295;1,034
3,030000;-0,0107;0,0811;1,0070;1,010
3,041000;-0,0064;0,0743;0,9958;0,999
3,051000;-0,0010;0,0728;1,0017;1,004
3,068000;-0,0020;0,0694;1,0056;1,008
3,070000;-0,0010;0,0738;1,0227;1,025
3,083000;-0,0142;0,0826;1,0319;1,035
3,090000;-0,0181;0,0850;1,0183;1,022
3,100000;-0,0151;0,0875;0,9914;0,995
3,110000;-0,0029;0,0850;0,9670;0,971
3,121000;-0,0029;0,0836;0,9650;0,969
3,130000;0,0034;0,0792;0,9929;0,996
3,141000;0,0034;0,0748;1,0324;1,035
3,150000;0,0054;0,0655;1,0574;1,059
3,168000;0,0010;0,0601;1,0564;1,058
3,170000;0,0015;0,0606;1,0383;1,040
3,183000;0,0156;0,0581;1,0192;1,021
3,191000;0,0166;0,0537;1,0105;1,012
3,200000;0,0220;0,0547;0,9997;1,001
3,211000;0,0269;0,0591;1,0046;1,007
3,220000;0,0191;0,0581;1,0158;1,018
3,230000;0,0239;0,0484;1,0236;1,025
3,241000;0,0220;0,0435;1,0349;1,036
3,250000;0,0156;0,0464;1,0422;1,043
3,268000;0,0049;0,0611;1,0486;1,050
3,272000;-0,0064;0,0645;1,0442;1,046
3,283000;-0,0215;0,0704;1,0158;1,018
3,291000;-0,0239;0,0713;0,9831;0,986
3,301000;-0,0088;0,0748;0,9567;0,960
3,311000;-0,0024;0,0772;0,9323;0,935
3,321000;-0,0024;0,0850;0,9210;0,925
3,330000;-0,0098;0,0899;0,9122;0,917
3,341000;-0,0166;0,0850;0,9196;0,924
3,351000;-0,0156;0,0938;0,9577;0,962
3,368000;-0,0142;0,1075;0,9914;0,997
3,370000;-0,0264;0,0997;0,9738;0,979
3,386000;-0,0244;0,1031;0,9758;0,981
3,390000;-0,0362;0,1129;0,9948;1,002
3,401000;-0,0401;0,1148;1,0183;1,026
3,411000;-0,0503;0,1119;0,9904;0,998
3,420000;-0,0518;0,1080;0,9596;0,967
3,430000;-0,0068;0,1779;0,9660;0,982
3,441000;-0,0425;0,2526;1,0310;1,062
3,451000;-0,1016;0,1593;0,9904;1,008
3,468000;0,0635;0,2331;0,9577;0,988
3,470000;0,1051;0,1876;0,8463;0,873
3,483000;0,0899;0,1524;0,8018;0,821
3,491000;0,1075;0,1906;0,7813;0,811
3,500000;0,0865;0,0743;0,7041;0,713
3,510000;0,1437;0,1764;0,8302;0,861
3,521000;0,0757;0,2707;1,0036;1,042
3,530000;0,0103;0,2551;0,9938;1,026
3,541000;0,0239;0,2355;0,9816;1,010
3,550000;0,0635;0,2345;0,9098;0,942
3,568000;0,0904;0,2282;0,8057;0,842
3,570000;0,1202;0,2306;0,8292;0,869
3,583000;0,1656;0,2169;0,9127;0,953
3,591000;0,1441;0,1906;0,8688;0,901
3,601000;0,1290;0,1749;0,8922;0,918
3,610000;0,1744;0,1964;0,9547;0,990
3,620000;0,1603;0,1681;0,9616;0,989
3,630000;0,1432;0,1363;0,9284;0,949
3,641000;0,1524;0,1353;0,9440;0,966
3,651000;0,1363;0,1637;0,9367;0,961
3,668000;0,0748;0,1832;0,9093;0,931
3,670000;0,0279;0,1881;0,8898;0,910
3,687000;0,0205;0,2028;0,8961;0,919
3,691000;0,0450;0,2218;0,8961;0,924
3,701000;0,0547;0,2365;0,8907;0,923
3,711000;0,0606;0,2482;0,8546;0,892
3,721000;0,0435;0,2541;0,8155;0,855
3,731000;0,0283;0,2668;0,8047;0,848
3,741000;0,0313;0,2746;0,8253;0,870
3,751000;0,0503;0,2726;0,8443;0,889
3,769000;0,0645;0,2643;0,8834;0,924
3,771000;0,0640;0,2682;0,9289;0,969
3,789000;0,0655;0,2839;0,9543;0,998
3,791000;0,0645;0,3059;0,9635;1,013
3,801000;0,0474;0,3205;0,9582;1,011
3,810000;0,0376;0,3171;0,9484;1,001
3,820000;0,0303;0,3244;0,9303;0,986
3,831000;0,0371;0,3244;0,9386;0,994
3,840000;0,0459;0,3147;0,9684;1,019
3,851000;0,0542;0,3108;1,0021;1,051
3,873000;0,0601;0,2976;1,0520;1,095
3,874000;0,0679;0,2888;1,1287;1,167
3,892000;0,0777;0,2917;1,1702;1,209
3,893000;0,0748;0,2849;1,1478;1,185
3,901000;0,0616;0,2800;1,1238;1,160
3,910000;0,0586;0,2756;1,1287;1,163
3,921000;0,0718;0,2648;1,1531;1,185
3,930000;0,0826;0,2531;1,2181;1,247
3,940000;0,1060;0,2507;1,2626;1,292
3,950000;0,1207;0,2443;1,2841;1,313
3,964000;0,1178;0,2340;1,2655;1,292
3,970000;0,1055;0,2150;1,2074;1,231
3,986000;0,0899;0,2077;1,1605;1,182
3,991000;0,0777;0,1974;1,1380;1,158
4,001000;0,0904;0,1901;1,1331;1,152
4,011000;0,0909;0,1754;1,1092;1,127
4,021000;0,1041;0,1529;1,0891;1,105
4,031000;0,1148;0,1290;1,1067;1,120
4,041000;0,1285;0,1026;1,1497;1,161
4,051000;0,1290;0,0733;1,1834;1,193
4,070000;0,1358;0,0381;1,2000;1,208
4,071000;0,1515;0,0029;1,2132;1,223
4,089000;0,1495;-0,0249;1,2298;1,239
4,091000;0,1432;-0,0342;1,2269;1,236
4,101000;0,1515;-0,0547;1,2039;1,215
4,112000;0,1632;-0,0826;1,1912;1,205
4,121000;0,1749;-0,0928;1,1907;1,207
4,131000;0,1647;-0,0630;1,1614;1,175
4,141000;0,1544;-0,0332;1,0906;1,102
4,151000;0,1241;-0,0068;0,9836;0,991
4,170000;0,0840;0,0156;0,8761;0,880
4,171000;0,0547;0,0322;0,7916;0,794
4,196000;0,0474;0,0415;0,7471;0,750
4,197000;0,0699;0,0508;0,7569;0,762
4,201000;0,0777;0,0645;0,7920;0,798
4,211000;0,0694;0,0723;0,8248;0,831
4,221000;0,0191;0,0943;0,8648;0,870
4,231000;0,0322;0,1070;0,8849;0,892
4,241000;0,0430;0,0880;0,9010;0,906
4,251000;0,0547;0,0718;0,8873;0,892
4,271000;0,0650;0,0689;0,8517;0,857
4,272000;0,0694;0,0762;0,8170;0,823
4,292000;0,0655;0,0840;0,7920;0,799
4,293000;0,0513;0,1002;0,7940;0,802
4,301000;0,0479;0,1114;0,8043;0,813
4,312000;0,0415;0,1212;0,8179;0,828
4,321000;0,0410;0,1334;0,8536;0,865
4,331000;0,0279;0,1476;0,8546;0,868
4,341000;0,0156;0,1539;0,8292;0,843
4,351000;0,0064;0,1544;0,8179;0,832
4,371000;0,0215;0,1564;0,8111;0,826
4,372000;0,0391;0,1549;0,8072;0,823
4,389000;0,0401;0,1686;0,8150;0,833
4,390000;0,0621;0,1788;0,8287;0,850
4,400000;0,0625;0,1891;0,8350;0,858
4,411000;0,0640;0,2052;0,8590;0,885
4,420000;0,0811;0,2243;0,8560;0,889
4,431000;0,0884;0,2336;0,8580;0,894
4,441000;0,0689;0,2404;0,8487;0,885
4,451000;0,0806;0,2575;0,8389;0,881
4,471000;0,0557;0,2780;0,8414;0,888
4,472000;0,0318;0,2878;0,8898;0,936
4,491000;0,0498;0,3010;0,9489;0,997
4,493000;0,0640;0,2878;0,9772;1,021
4,501000;0,0713;0,2722;0,9850;1,024
4,512000;0,1168;0,2648;0,9675;1,010
4,521000;0,1349;0,2663;0,9596;1,005
4,531000;0,1642;0,2726;0,9547;1,006
4,541000;0,1632;0,2643;0,9914;1,039
4,551000;0,1373;0,2585;1,0618;1,101
4,571000;0,1783;0,2565;1,1140;1,157
4,572000;0,2668;0,2336;1,1556;1,209
4,591000;0,2941;0,1950;1,1614;1,214
4,592000;0,2482;0,1920;1,1644;1,206
4,601000;0,2345;0,2169;1,1859;1,228
4,613000;0,2038;0,2389;1,1189;1,162
4,621000;0,1989;0,2477;1,0310;1,079
4,631000;0,2296;0,2453;1,0085;1,063
4,641000;0,2463;0,2184;1,0075;1,060
4,651000;0,2570;0,1954;1,0622;1,110
4,671000;0,2785;0,1637;1,1458;1,190
4,672000;0,2756;0,1559;1,1717;1,214
4,691000;0,2585;0,1412;1,0994;1,138
4,692000;0,1979;0,1011;0,9821;1,007
4,701000;0,2106;0,1266;0,7388;0,779
4,712000;0,0801;0,0836;0,7144;0,724
4,721000;0,0635;0,1349;0,8077;0,821
4,731000;-0,0015;0,0142;1,0349;1,035
4,741000;0,2316;-0,0357;0,9176;0,947
4,751000;0,3987;0,0655;0,7065;0,814
4,771000;0,2956;0,0635;0,8321;0,885
4,772000;0,2052;-0,0039;0,8038;0,830
4,790000;0,2526;0,0239;0,6831;0,729
4,792000;0,1642;0,0611;0,7608;0,781
4,801000;0,1324;0,0865;0,8551;0,870
4,812000;0,2047;0,0884;0,8766;0,904
4,821000;0,2262;0,1129;0,8541;0,891
4,831000;0,2282;0,1500;0,7920;0,838
4,841000;0,2199;0,1691;0,6904;0,744
4,851000;0,1954;0,1637;0,6186;0,669
4,871000;0,1515;0,1441;0,6674;0,699
4,872000;0,1329;0,1075;0,7671;0,786
4,892000;0,2008;0,1119;0,9274;0,955
4,893000;0,2296;0,1500;0,9484;0,987
4,901000;0,2067;0,1823;0,8595;0,903
4,912000;0,1046;0,1788;0,7867;0,813
4,921000;0,1080;0,1759;0,8106;0,836
4,931000;0,1349;0,1666;0,8986;0,924
4,941000;0,1407;0,1700;0,9943;1,019
4,951000;0,1378;0,1867;1,0833;1,108
4,971000;0,1319;0,2086;1,0588;1,087
4,972000;0,1231;0,2375;0,9670;1,003
4,993000;0,1300;0,2702;0,8859;0,935
4,994000;0,1309;0,3010;0,8551;0,916
5,001000;0,1383;0,3210;0,8575;0,926
5,012000;0,1275;0,3303;0,8477;0,919
5,021000;0,0704;0,3225;0,8497;0,912
5,031000;0,0239;0,2990;0,8429;0,895
5,041000;-0,0068;0,2780;0,8365;0,882
5,051000;-0,0391;0,2717;0,8688;0,911
5,071000;-0,0391;0,2629;0,9631;0,999
5,072000;-0,0454;0,2458;1,0632;1,092
5,092000;-0,0171;0,2233;1,1082;1,131
5,093000;-0,0132;0,2243;1,0920;1,115
5,101000;-0,0596;0,1950;1,1101;1,129
5,113000;-0,1251;0,1319;1,1526;1,167
5,121000;-0,1793;0,0406;1,2538;1,267
5,131000;-0,2209;-0,0381;1,4160;1,434
5,141000;-0,2165;-0,0762;1,4781;1,496
5,151000;-0,2174;-0,0611;1,4541;1,472
5,161000;-0,1857;-0,0112;1,2836;1,297
5,172000;-0,1749;0,0498;1,0930;1,108
5,193000;-0,1954;0,1153;0,9411;0,968
5,194000;-0,2365;0,1671;0,9367;0,980
5,201000;-0,2526;0,2052;1,0324;1,083
5,211000;-0,2731;0,2160;1,1649;1,216
5,221000;-0,2682;0,2184;1,3486;1,392
5,231000;-0,2296;0,1954;1,4360;1,467
5,241000;-0,1744;0,1515;1,3950;1,414
5,251000;-0,1090;0,1554;1,2885;1,302
5,261000;0,0137;0,2174;1,1605;1,181
5,272000;0,1187;0,2976;1,0007;1,051
5,294000;0,1324;0,3547;0,8375;0,919
5,295000;0,1710;0,4383;0,8160;0,942
5,301000;0,0860;0,3274;0,9049;0,966
5,311000;0,0752;0,2135;1,0451;1,069
5,321000;0,0425;0,1373;1,2064;1,215
5,331000;-0,0117;0,0806;1,3852;1,388
5,341000;-0,0645;0,0298;1,4893;1,491
5,351000;-0,0826;-0,0005;1,4214;1,424
5,361000;-0,0645;0,0181;1,2611;1,263
5,372000;-0,0230;0,0586;1,1385;1,140
5,401000;0,0694;0,1080;0,9870;0,995
5,402000;0,1490;0,1441;0,8262;0,852
5,402000;0,1666;0,1695;0,6147;0,659
5,411000;0,1749;0,1871;0,3899;0,467
5,421000;0,1647;0,1710;0,3039;0,386
5,431000;0,1212;0,1446;0,2888;0,345
5,441000;0,0933;0,1080;0,3420;0,371
5,451000;0,0836;0,0713;0,4959;0,508
5,461000;0,0840;0,0024;0,7163;0,721
5,472000;0,1158;-0,0537;0,9284;0,937
5,494000;0,1994;-0,0816;1,2518;1,270
5,495000;0,2927;-0,1070;1,5269;1,558
5,501000;0,3152;-0,1212;1,4052;1,445
5,511000;0,2712;-0,0982;1,2377;1,271
5,521000;0,1143;-0,0513;0,9318;0,940
5,531000;0,0244;0,0186;0,6591;0,660
5,541000;0,0459;0,0469;0,5570;0,561
5,551000;0,1148;0,1256;0,4471;0,478
5,561000;0,1695;0,2081;0,3171;0,415
5,574000;0,1935;0,2282;0,4999;0,583
5,599000;0,2140;0,1358;0,9225;0,957
5,600000;0,3112;-0,0249;1,2640;1,302
5,601000;0,3933;-0,1446;1,4272;1,487
5,611000;0,3464;-0,2453;1,5616;1,618
5,621000;0,2775;-0,3205;1,6476;1,701
5,631000;0,2404;-0,3142;1,5655;1,615
5,640000;0,1906;-0,2599;1,2416;1,283
5,650000;0,1222;-0,1520;0,7955;0,819
5,660000;0,0738;-0,0249;0,4803;0,487
5,673000;-0,0606;0,0386;0,6777;0,682
5,691000;-0,0767;-0,0357;0,9802;0,984
5,692000;-0,1251;-0,1134;1,1590;1,171
5,700000;-0,2570;-0,1065;1,1365;1,170
5,710000;-0,3176;-0,0151;0,8868;0,942
5,721000;-0,3103;0,0958;0,6039;0,686
5,731000;-0,1383;0,2360;0,4725;0,546
5,741000;0,0635;0,3728;0,4867;0,616
5,751000;0,1959;0,5155;0,6381;0,843
5,761000;0,2590;0,6025;0,8766;1,095
5,773000;0,3371;0,5898;1,2313;1,406
5,803000;0,2751;0,4876;1,2465;1,366
5,804000;0,0748;0,3459;1,1658;1,218
5,805000;-0,1055;0,2766;1,0065;1,049
5,810000;-0,1564;0,3244;0,8692;0,941
5,821000;-0,1212;0,4109;0,7749;0,885
5,831000;0,0015;0,4862;0,7153;0,865
5,840000;0,1749;0,5731;0,7808;0,984
5,850000;0,4637;0,5731;0,9074;1,169
5,860000;0,0943;0,5956;0,9381;1,115
5,874000;-0,0347;0,5849;0,8028;0,994
5,890000;-0,2941;0,4803;0,5116;0,761
5,900000;-0,4989;0,5394;0,2477;0,775
5,910000;-0,4256;0,6323;0,2897;0,815
5,920000;-0,2111;0,7016;0,5385;0,909
5,931000;0,0801;0,7349;1,0285;1,267
5,940000;0,1935;0,7559;1,4448;1,642
5,950000;0,0635;0,6499;1,8201;1,934
5,961000;-0,2155;0,4456;1,9896;2,050
5,972000;-0,3880;0,2995;1,8279;1,892
5,981000;-0,3772;0,2184;1,3339;1,403
5,990000;-0,1813;0,3557;0,8658;0,953
6,001000;0,0347;0,6503;0,6513;0,921
6,010000;0,0479;0,8131;0,8903;1,207
6,020000;-0,1710;0,6582;1,5430;1,686
6,030000;-0,5047;0,2345;2,1308;2,202
6,041000;-0,7329;-0,1461;2,4245;2,537
6,050000;-0,7666;-0,3435;2,3620;2,507
6,061000;-0,5487;-0,3425;2,0463;2,146
6,072000;-0,1612;-0,0801;1,5865;1,597
6,097000;0,2414;0,2096;1,0920;1,138
6,097000;0,4529;0,4407;0,5780;0,856
6,101000;0,4280;0,5301;0,2287;0,719
6,111000;0,1495;0,4373;0,0752;0,468
6,121000;0,0997;0,2267;0,1422;0,286
6,131000;-0,0669;0,0191;0,4700;0,475
6,141000;-0,2233;-0,1476;0,9469;0,984
6,150000;-0,2536;-0,2331;1,2293;1,277
6,161000;-0,1661;-0,1862;1,2323;1,257
6,172000;0,0293;-0,0577;0,9083;0,911
6,206000;0,2257;0,1163;0,4940;0,555
6,207000;0,2834;0,2453;0,1500;0,404
6,207000;0,2306;0,2502;0,0425;0,343
6,210000;0,1109;0,1539;0,2805;0,339
6,220000;-0,0059;0,0376;0,6523;0,653
6,231000;-0,0450;-0,0200;0,9259;0,927
6,240000;0,0435;-0,0498;0,9797;0,982
6,250000;0,1779;-0,0332;0,8663;0,885
6,260000;0,3112;0,0621;0,7036;0,772
6,271000;0,3831;0,1383;0,5458;0,681
6,306000;0,3748;0,1178;0,5404;0,668
6,306000;0,3494;-0,0020;0,7153;0,796
6,307000;0,2966;-0,1407;1,0085;1,061
6,310000;0,3044;-0,2253;1,2254;1,283
6,320000;0,3836;-0,2057;1,3671;1,435
6,330000;0,3860;-0,0122;1,3779;1,431
6,341000;0,6601;0,3401;0,7075;1,026
6,351000;0,7652;0,7002;-0,0503;1,038
6,360000;0,7520;0,9025;-0,2414;1,199
6,372000;0,7007;0,6753;0,5023;1,095
6,398000;0,7060;0,0777;1,3896;1,561
6,399000;0,4354;-0,6362;2,3937;2,515
6,401000;0,1549;-1,1121;2,9976;3,201
6,411000;-0,1495;-1,2523;2,9512;3,209
6,421000;-0,3494;-1,0095;2,4020;2,629
6,431000;-0,2526;-0,6176;1,5846;1,719
6,441000;-0,0020;-0,1998;1,0100;1,030
6,450000;0,1901;0,1261;0,6709;0,709
6,461000;0,1627;0,2438;0,5282;0,604
6,472000;-0,0239;0,1295;0,9655;0,974
6,510000;-0,1197;-0,0293;1,3105;1,316
6,511000;-0,2184;-0,0283;1,3452;1,363
6,511000;-0,2624;0,0156;1,1077;1,138
6,512000;-0,3860;0,0537;0,7989;0,889
6,521000;-0,4158;0,1217;0,5204;0,677
6,530000;-0,2761;0,2682;0,4114;0,563
6,541000;-0,1754;0,4085;0,3982;0,597
6,551000;-0,2380;0,4187;0,4398;0,652
6,561000;-0,4041;0,3743;0,4979;0,742
6,573000;-0,5663;0,3342;0,6347;0,914
6,602000;-0,6826;0,3049;0,7427;1,054
6,603000;-0,7422;0,3401;0,7334;1,097
6,604000;-0,7085;0,4051;0,6728;1,058
6,611000;-0,5233;0,5150;0,5536;0,920
6,621000;-0,3484;0,6025;0,3870;0,796
6,631000;-0,3459;0,6147;0,1954;0,732
6,640000;-0,4466;0,5228;0,1163;0,697
6,651000;-0,5394;0,3464;0,2028;0,672
6,661000;-0,6376;0,1730;0,3630;0,754
6,673000;-0,6758;0,0327;0,5272;0,858
6,701000;-0,6254;-0,0420;0,9088;1,104
6,702000;-0,5385;0,0415;1,2020;1,318
6,703000;-0,4525;0,1593;1,3378;1,421
6,711000;-0,1813;0,2619;1,3373;1,375
6,721000;0,0816;0,6240;0,9758;1,161
6,731000;0,2223;0,8140;1,1121;1,396
6,741000;0,3626;0,5458;2,2056;2,301
6,751000;0,3117;0,0992;2,7538;2,773
6,761000;0,2409;-0,4158;3,6152;3,647
6,773000;0,2399;-0,7246;3,9705;4,043
6,801000;0,1695;-0,7510;3,5962;3,678
6,804000;0,0806;-0,5502;2,7269;2,783
6,805000;0,1143;-0,2575;1,7693;1,792
6,811000;0,2971;0,0923;1,0769;1,121
6,821000;0,5531;0,3660;0,7139;0,974
6,831000;0,4691;0,2976;1,0109;1,154
6,841000;0,2844;-0,0782;1,7009;1,726
6,851000;0,0347;-0,3699;2,0331;2,067
6,861000;-0,2722;-0,4935;2,0434;2,120
6,874000;-0,5272;-0,5438;1,8533;2,002
6,904000;-0,5868;-0,5028;1,6251;1,799
6,906000;-0,4515;-0,3860;1,3896;1,511
6,906000;-0,2858;-0,2746;1,0940;1,164
6,911000;-0,0943;-0,1266;0,7139;0,731
6,921000;0,0606;0,0308;0,3743;0,380
6,932000;0,2072;0,0933;0,2340;0,326
6,941000;0,3362;0,1769;0,1564;0,411
6,951000;0,5345;0,2492;0,1305;0,604
6,961000;0,6381;0,2844;0,2536;0,743
6,974000;0,7290;0,2937;0,4261;0,894
6,996000;0,6411;0,2248;0,5111;0,850
6,997000;0,3845;0,0821;0,5844;0,704
7,000000;0,1178;-0,1378;0,7036;0,727
7,010000;-0,2228;-0,1446;1,0578;1,091
7,020000;-0,3538;0,1256;0,7114;0,804
7,031000;-0,2394;0,5360;-0,1715;0,612
7,040000;-0,1173;0,8888;-1,1512;1,459
7,050000;0,3508;0,9836;-0,6811;1,247
7,060000;0,5976;0,8790;0,8927;1,388
7,070000;0,8727;0,6117;1,6584;1,971
7,085000;0,8438;0,3225;1,8763;2,082
7,090000;0,6142;0,1793;1,8455;1,953
7,100000;0,3699;0,1852;1,3637;1,425
7,110000;0,1808;0,2448;0,9235;0,972
7,120000;0,0723;0,4222;0,4891;0,650
7,131000;0,1207;0,6484;0,1661;0,680
7,140000;0,2467;0,7500;0,2971;0,844
7,150000;0,4134;0,6557;0,8243;1,131
7,160000;0,4124;0,4178;1,5807;1,686
7,170000;0,2091;0,1671;2,1020;2,119
7,188000;-0,0674;0,0635;2,0268;2,029
7,190000;-0,2375;0,2810;1,3789;1,427
7,200000;0,1691;0,6132;1,1512;1,315
7,210000;0,8204;0,5946;0,8888;1,348
7,220000;0,9108;0,4656;0,8937;1,358
7,231000;0,1681;-0,3220;0,6885;0,778
7,240000;-1,3461;-1,6007;0,5902;2,173
7,250000;-1,1536;-1,5631;-0,0865;1,945
7,260000;0,4109;-0,5345;-0,4510;0,811
7,270000;0,7784;0,5184;-0,3064;0,984
7,284000;0,7202;0,8986;-0,0406;1,152
7,290000;0,9611;1,0447;0,1945;1,433
7,300000;1,0368;0,8986;0,8898;1,635
7,310000;0,8878;0,6777;2,4338;2,678
7,320000;0,7422;0,5834;3,3382;3,469
7,331000;0,4485;0,7564;2,7861;2,922
7,340000;-0,0792;0,9093;1,4893;1,747
7,350000;-0,5893;0,9049;0,3772;1,144
7,360000;-0,8018;0,8893;-0,0586;1,199
7,370000;-0,4573;0,9606;0,2384;1,090
7,386000;-0,0596;1,0642;0,6963;1,273
7,390000;0,2340;1,0740;0,9284;1,439
7,401000;0,2819;0,9445;0,9357;1,359
7,411000;0,2897;0,8057;0,9987;1,316
7,421000;0,2707;0,6855;1,0095;1,250
7,432000;0,1378;0,5629;0,9030;1,073
7,440000;-0,0347;0,4471;0,7192;0,848
7,451000;-0,0078;0,4280;0,5678;0,711
7,461000;0,1114;0,5130;0,4349;0,682
7,473000;0,1720;0,6372;0,2306;0,699
7,488000;0,0806;0,6054;0,1876;0,639
7,490000;-0,0635;0,4226;0,3191;0,533
7,501000;-0,2277;0,2873;0,4495;0,580
7,511000;-0,5091;0,1344;0,7256;0,897
7,521000;-0,6372;0,0450;1,0544;1,233
7,530000;-0,6450;0,0811;1,2240;1,386
7,540000;-0,5165;0,2316;1,2377;1,361
7,550000;-0,2370;0,4735;1,1013;1,222
7,560000;-0,0332;0,7173;0,8346;1,101
7,571000;0,0029;0,8854;0,5854;1,061
7,580000;-0,1182;0,9059;0,5668;1,075
7,590000;-0,2463;0,8590;1,0422;1,373
7,600000;-0,3152;0,6499;1,3134;1,499
7,610000;-0,4090;0,5287;1,2640;1,430
7,620000;-0,5297;0,5409;0,9909;1,247
7,630000;-0,5248;0,5643;0,7603;1,083
7,640000;-0,3709;0,6806;0,5189;0,933
7,650000;-0,2306;0,8849;0,2091;0,938
7,660000;0,0357;0,9489;-0,1129;0,956
7,670000;0,0371;0,7554;0,0274;0,757
7,680000;0,1642;0,5800;0,2858;0,667
7,709000;-0,0313;0,3924;0,9860;1,062
7,709000;-0,3332;0,0967;1,6061;1,643
7,710000;-0,4705;-0,0845;1,7981;1,861
7,720000;-0,3762;-0,0332;1,5987;1,643
7,730000;-0,0997;0,1138;1,0823;1,093
7,740000;0,1070;0,2731;0,5971;0,665
7,750000;0,2130;0,4099;0,5262;0,700
7,760000;0,2042;0,2409;0,3376;0,462
7,770000;0,2775;0,1730;0,5409;0,632
7,780000;0,1055;0,1138;1,2973;1,307
7,798000;-0,3655;0,0176;2,1382;2,169
7,800000;-0,6249;0,0142;2,0580;2,151
7,811000;-0,5316;0,0699;1,3036;1,410
7,821000;-0,3538;-0,0078;0,6420;0,733
7,831000;-0,3112;-0,1085;0,4085;0,525
7,841000;-0,0713;-0,0122;0,3396;0,347
7,851000;0,1783;0,1808;0,4402;0,508
7,861000;0,2023;0,2746;0,5873;0,679
7,875000;-0,0127;0,2863;0,7295;0,784
7,881000;-0,1397;0,2868;0,8096;0,870
7,911000;-0,1109;0,2634;0,9601;1,002
7,912000;-0,0884;0,2570;1,0520;1,087
7,913000;-0,0122;0,2839;1,2753;1,307
7,921000;0,0347;0,2790;1,3183;1,348
7,931000;-0,0147;0,2350;1,3046;1,326
7,941000;-0,0923;0,1627;1,1688;1,184
7,951000;-0,1236;0,0982;0,9797;0,992
7,961000;-0,1485;0,0493;0,7456;0,762
7,971000;-0,1715;0,0220;0,5727;0,598
7,981000;-0,1779;0,0107;0,6723;0,696
7,993000;-0,1700;0,0489;0,9010;0,918
8,032000;-0,0425;0,2209;0,8927;0,921
8,034000;-0,0303;0,4016;0,9547;1,036
8,034000;-0,0733;0,3831;0,8282;0,915
8,035000;-0,0010;0,3371;0,7534;0,825
8,041000;0,0967;0,3132;0,9557;1,010
8,051000;0,1285;0,2722;1,2968;1,331
8,061000;0,0772;0,1886;1,5479;1,561
8,076000;-0,0401;0,0762;1,5416;1,544
8,081000;-0,1744;-0,0132;1,4009;1,412
8,119000;-0,2702;-0,0073;1,2621;1,291
8,121000;-0,2810;0,0743;1,2020;1,237
8,121000;-0,2038;0,1710;1,1223;1,153
8,122000;-0,1153;0,2477;0,9821;1,019
8,131000;-0,0572;0,3122;0,9030;0,957
8,141000;-0,0259;0,3474;0,8917;0,957
8,151000;-0,0200;0,3191;0,9924;1,043
8,161000;-0,0371;0,2453;1,0994;1,127
8,171000;-0,0919;0,1691;1,1370;1,153
8,181000;-0,1573;0,1143;1,1033;1,120
8,193000;-0,1930;0,1275;1,1087;1,133
8,226000;-0,2052;0,1666;1,0442;1,077
8,227000;-0,1979;0,2047;0,9523;0,994
8,228000;-0,2052;0,2448;0,9005;0,955
8,231000;-0,2194;0,2516;0,8927;0,953
8,241000;-0,1725;0,2282;0,8800;0,925
8,251000;-0,1744;0,2204;0,8859;0,929
8,261000;-0,3591;0,2106;0,6494;0,771
8,271000;-0,3342;0,1852;0,8463;0,929
8,280000;-0,3371;0,1099;1,0344;1,093
8,290000;-0,3391;0,0562;1,0192;1,076
8,305000;-0,3259;0,0708;0,9000;0,960
8,310000;-0,2712;0,1437;0,7652;0,824
8,320000;-0,1793;0,2345;0,7012;0,761
8,330000;-0,0396;0,3347;0,7876;0,857
8,340000;0,0259;0,3850;0,8819;0,963
8,350000;0,0039;0,3611;0,8604;0,933
8,360000;-0,0899;0,2873;0,7779;0,834
8,370000;-0,2687;0,2140;0,7051;0,784
8,380000;-0,3777;0,1945;0,6914;0,811
8,390000;-0,3567;0,1881;0,7490;0,851
8,401000;-0,2834;0,1783;0,9127;0,972
