time;gFx;gFy;gFz;TgF
0,005000;-0,0381;0,1217;1,0046;1,013
0,005000;-0,0430;0,1222;0,9938;1,002
0,005000;-0,0386;0,1329;0,9836;0,993
0,014000;-0,0401;0,1441;0,9899;1,001
0,024000;-0,0337;0,1441;0,9880;0,999
0,034000;-0,0279;0,1427;0,9596;0,971
0,044000;-0,0298;0,1363;0,9401;0,950
0,054000;-0,0200;0,1422;0,9504;0,961
0,069000;-0,0171;0,1451;0,9484;0,960
0,074000;-0,0181;0,1373;0,9660;0,976
0,084000;-0,0112;0,1402;0,9933;1,003
0,095000;-0,0191;0,1358;0,9836;0,993
0,104000;-0,0283;0,1285;0,9723;0,981
0,114000;-0,0259;0,1285;0,9777;0,986
0,124000;-0,0254;0,1334;0,9841;0,993
0,134000;-0,0191;0,1388;0,9660;0,976
0,145000;-0,0156;0,1437;0,9582;0,969
0,154000;-0,0147;0,1388;0,9552;0,965
0,164000;-0,0156;0,1324;0,9460;0,955
0,174000;-0,0103;0,1397;0,9508;0,961
0,184000;-0,0068;0,1437;0,9787;0,989
0,194000;-0,0205;0,1300;0,9953;1,004
0,205000;-0,0362;0,1236;0,9836;0,992
0,214000;-0,0357;0,1266;0,9748;0,984
0,225000;-0,0264;0,1270;0,9562;0,965
0,235000;-0,0274;0,1266;0,9577;0,966
0,245000;-0,0249;0,1314;0,9782;0,987
0,255000;-0,0137;0,1295;0,9792;0,988
0,289000;-0,0064;0,1344;0,9826;0,992
0,290000;-0,0054;0,1358;0,9821;0,991
0,290000;-0,0044;0,1349;0,9826;0,992
0,294000;-0,0112;0,1349;0,9748;0,984
0,304000;-0,0171;0,1349;0,9797;0,989
0,314000;-0,0176;0,1363;0,9865;0,996
0,324000;-0,0161;0,1353;0,9709;0,980
0,334000;-0,0122;0,1300;0,9616;0,970
0,344000;-0,0112;0,1290;0,9821;0,991
0,354000;-0,0151;0,1300;0,9904;0,999
0,364000;-0,0191;0,1363;0,9919;1,001
0,374000;-0,0171;0,1378;0,9890;0,999
0,385000;-0,0235;0,1314;0,9914;1,000
0,394000;-0,0215;0,1314;0,9929;1,002
0,405000;-0,0220;0,1344;0,9797;0,989
0,415000;-0,0288;0,1368;0,9694;0,979
0,424000;-0,0279;0,1349;0,9513;0,961
0,434000;-0,0181;0,1378;0,9547;0,965
0,445000;-0,0083;0,1407;0,9723;0,983
0,455000;-0,0112;0,1437;0,9758;0,986
0,465000;-0,0049;0,1427;0,9792;0,990
0,475000;-0,0078;0,1358;0,9836;0,993
0,498000;-0,0112;0,1363;0,9841;0,994
0,499000;-0,0269;0,1339;0,9811;0,991
0,507000;-0,0274;0,1412;0,9670;0,978
0,524000;-0,0205;0,1368;0,9528;0,963
0,525000;-0,0181;0,1344;0,9474;0,957
0,541000;-0,0088;0,1363;0,9601;0,970
0,545000;-0,0088;0,1407;0,9787;0,989
0,557000;-0,0049;0,1378;0,9831;0,993
0,565000;-0,0147;0,1363;0,9904;1,000
0,575000;-0,0137;0,1353;0,9894;0,999
0,592000;-0,0166;0,1334;0,9802;0,989
0,595000;-0,0215;0,1373;0,9679;0,978
0,605000;-0,0107;0,1427;0,9660;0,977
0,615000;0,0073;0,1466;0,9645;0,976
0,625000;0,0112;0,1407;0,9547;0,965
0,635000;0,0142;0,1402;0,9504;0,961
0,645000;0,0078;0,1456;0,9601;0,971
0,657000;0,0127;0,1500;0,9670;0,979
0,665000;0,0029;0,1451;0,9606;0,972
0,675000;-0,0083;0,1417;0,9621;0,972
0,698000;-0,0156;0,1388;0,9694;0,979
0,699000;-0,0235;0,1358;0,9831;0,993
0,705000;-0,0288;0,1383;0,9816;0,992
0,715000;-0,0235;0,1349;0,9723;0,982
0,725000;-0,0156;0,1378;0,9723;0,982
0,735000;-0,0024;0,1417;0,9787;0,989
0,745000;0,0054;0,1451;0,9811;0,992
0,759000;0,0034;0,1529;0,9758;0,988
0,765000;-0,0024;0,1534;0,9679;0,980
0,775000;-0,0034;0,1510;0,9606;0,972
0,798000;-0,0054;0,1417;0,9562;0,967
0,799000;-0,0078;0,1402;0,9606;0,971
0,805000;-0,0024;0,1476;0,9557;0,967
0,815000;-0,0034;0,1485;0,9582;0,970
0,825000;-0,0005;0,1495;0,9679;0,979
0,835000;-0,0068;0,1451;0,9762;0,987
0,845000;-0,0117;0,1446;0,9806;0,991
0,859000;-0,0103;0,1461;0,9699;0,981
0,865000;-0,0117;0,1441;0,9523;0,963
0,875000;-0,0093;0,1476;0,9328;0,944
0,906000;-0,0122;0,1456;0,9376;0,949
0,907000;-0,0054;0,1461;0,9411;0,952
0,908000;-0,0024;0,1500;0,9518;0,964
0,915000;-0,0059;0,1549;0,9518;0,964
0,925000;-0,0098;0,1485;0,9567;0,968
0,935000;-0,0078;0,1451;0,9572;0,968
0,945000;-0,0049;0,1500;0,9591;0,971
0,957000;-0,0049;0,1500;0,9670;0,979
0,994000;-0,0020;0,1480;0,9890;1,000
0,995000;-0,0054;0,1437;0,9943;1,005
0,995000;-0,0029;0,1422;0,9933;1,003
0,997000;0,0020;0,1407;0,9948;1,005
1,004000;0,0015;0,1412;0,9929;1,003
1,015000;-0,0068;0,1466;0,9811;0,992
1,024000;-0,0117;0,1480;0,9753;0,987
1,034000;-0,0039;0,1471;0,9797;0,991
1,045000;0,0005;0,1476;0,9787;0,990
1,054000;0,0068;0,1412;0,9723;0,983
1,071000;0,0068;0,1432;0,9689;0,979
1,074000;0,0034;0,1432;0,9860;0,996
1,084000;-0,0010;0,1373;1,0012;1,011
1,094000;-0,0029;0,1261;1,0065;1,014
1,104000;-0,0039;0,1231;0,9924;1,000
1,114000;0,0015;0,1270;0,9875;0,996
1,124000;0,0049;0,1280;0,9850;0,993
1,135000;0,0049;0,1280;0,9816;0,990
1,145000;0,0088;0,1363;0,9738;0,983
1,156000;0,0068;0,1388;0,9816;0,991
1,185000;0,0112;0,1393;0,9699;0,980
1,186000;0,0049;0,1329;0,9591;0,968
1,187000;0,0059;0,1290;0,9582;0,967
1,194000;0,0034;0,1266;0,9591;0,967
1,205000;-0,0024;0,1231;0,9704;0,978
1,215000;-0,0068;0,1246;0,9899;0,998
1,225000;-0,0044;0,1300;0,9963;1,005
1,235000;-0,0024;0,1319;0,9860;0,995
1,245000;0,0020;0,1285;0,9826;0,991
1,259000;0,0049;0,1344;0,9645;0,974
1,301000;0,0068;0,1373;0,9528;0,963
1,302000;0,0015;0,1422;0,9504;0,961
1,303000;-0,0020;0,1466;0,9635;0,975
1,303000;-0,0059;0,1402;0,9670;0,977
1,305000;-0,0064;0,1363;0,9733;0,983
1,315000;-0,0059;0,1305;0,9753;0,984
1,324000;-0,0034;0,1324;0,9782;0,987
1,334000;-0,0034;0,1295;0,9880;0,996
1,344000;0,0015;0,1266;0,9909;0,999
1,356000;0,0034;0,1251;0,9997;1,008
1,384000;0,0024;0,1300;1,0031;1,012
1,385000;-0,0049;0,1256;0,9875;0,995
1,386000;-0,0093;0,1256;0,9675;0,976
1,395000;-0,0024;0,1324;0,9538;0,963
1,405000;0,0068;0,1349;0,9523;0,962
1,415000;0,0088;0,1412;0,9689;0,979
1,425000;0,0044;0,1402;0,9631;0,973
1,435000;0,0015;0,1388;0,9533;0,963
1,445000;0,0029;0,1402;0,9577;0,968
1,457000;0,0073;0,1441;0,9689;0,980
1,485000;0,0083;0,1417;0,9621;0,972
1,486000;0,0083;0,1378;0,9547;0,965
1,487000;0,0078;0,1319;0,9601;0,969
1,494000;0,0078;0,1314;0,9743;0,983
1,505000;0,0020;0,1319;0,9836;0,992
1,515000;-0,0059;0,1305;0,9811;0,990
1,525000;-0,0034;0,1266;0,9675;0,976
1,534000;0,0039;0,1305;0,9631;0,972
1,545000;0,0098;0,1368;0,9596;0,969
1,557000;0,0073;0,1378;0,9547;0,965
1,585000;0,0029;0,1373;0,9533;0,963
1,586000;0,0029;0,1383;0,9474;0,957
1,587000;0,0039;0,1363;0,9670;0,977
1,595000;0,0024;0,1412;0,9802;0,990
1,605000;-0,0029;0,1378;0,9694;0,979
1,615000;-0,0064;0,1329;0,9640;0,973
1,625000;-0,0132;0,1309;0,9572;0,966
1,635000;-0,0107;0,1329;0,9660;0,975
1,645000;-0,0112;0,1353;0,9748;0,984
1,657000;-0,0147;0,1261;0,9753;0,983
1,685000;-0,0151;0,1217;0,9723;0,980
1,687000;-0,0210;0,1261;0,9797;0,988
1,688000;-0,0318;0,1275;0,9802;0,989
1,695000;-0,0327;0,1319;0,9753;0,985
1,705000;-0,0313;0,1290;0,9723;0,981
1,716000;-0,0293;0,1290;0,9684;0,977
1,725000;-0,0230;0,1290;0,9572;0,966
1,735000;-0,0137;0,1246;0,9523;0,961
1,745000;-0,0068;0,1236;0,9523;0,960
1,757000;-0,0044;0,1266;0,9626;0,971
1,794000;-0,0132;0,1222;0,9689;0,977
1,795000;-0,0147;0,1246;0,9689;0,977
1,795000;-0,0068;0,1256;0,9606;0,969
1,796000;-0,0073;0,1119;0,9538;0,960
1,805000;-0,0068;0,1065;0,9523;0,958
1,815000;-0,0020;0,1104;0,9567;0,963
1,825000;0,0010;0,1094;0,9567;0,963
1,835000;-0,0015;0,1138;0,9811;0,988
1,845000;-0,0044;0,1197;0,9885;0,996
1,857000;-0,0024;0,1231;0,9802;0,988
1,888000;-0,0029;0,1236;0,9650;0,973
1,889000;-0,0010;0,1231;0,9508;0,959
1,890000;0,0010;0,1207;0,9616;0,969
1,895000;-0,0039;0,1197;0,9802;0,987
1,905000;-0,0059;0,1173;0,9958;1,003
1,916000;-0,0078;0,1080;0,9938;1,000
1,925000;0,0005;0,1055;0,9860;0,992
1,935000;0,0098;0,1051;0,9977;1,003
1,944000;0,0083;0,1051;1,0007;1,006
1,959000;0,0122;0,1002;1,0021;1,007
1,997000;0,0088;0,1036;1,0119;1,017
1,998000;0,0107;0,1046;0,9982;1,004
1,999000;0,0122;0,1051;0,9802;0,986
1,999000;0,0215;0,1046;0,9806;0,986
2,005000;0,0054;0,1051;0,9846;0,990
2,016000;-0,0005;0,1090;0,9836;0,990
2,024000;0,0064;0,1134;0,9577;0,964
2,035000;-0,0010;0,1016;0,9552;0,961
2,045000;-0,0064;0,0963;0,9528;0,958
2,059000;0,0142;0,1046;0,9587;0,964
2,100000;0,0176;0,1119;0,9826;0,989
2,101000;0,0225;0,1055;0,9982;1,004
2,101000;0,0249;0,1031;1,0061;1,012
2,102000;0,0210;0,1070;1,0012;1,007
2,105000;0,0249;0,1036;0,9826;0,988
2,116000;0,0337;0,1085;0,9762;0,983
2,124000;0,0391;0,1094;0,9684;0,975
2,135000;0,0459;0,1153;0,9684;0,976
2,145000;0,0489;0,1138;0,9797;0,987
2,155000;0,0376;0,1109;0,9909;0,998
2,193000;0,0303;0,1080;0,9992;1,005
2,194000;0,0327;0,1080;1,0178;1,024
2,194000;0,0279;0,1109;1,0197;1,026
2,195000;0,0293;0,1094;1,0100;1,016
2,212000;0,0371;0,1109;0,9968;1,004
2,225000;0,0542;0,1055;0,9909;0,998
2,226000;0,0606;0,1060;1,0090;1,016
2,243000;0,0581;0,1094;1,0148;1,022
2,245000;0,0474;0,1090;0,9992;1,006
2,259000;0,0450;0,1090;0,9914;0,998
2,276000;0,0440;0,1090;0,9841;0,991
2,277000;0,0440;0,1055;0,9836;0,990
2,284000;0,0376;0,1036;0,9767;0,983
2,294000;0,0386;0,0987;0,9689;0,975
2,311000;0,0391;0,1021;0,9675;0,974
2,320000;0,0313;0,1031;0,9631;0,969
2,324000;0,0366;0,1055;0,9489;0,955
2,334000;0,0347;0,1060;0,9460;0,953
2,344000;0,0288;0,1041;0,9523;0,958
2,359000;0,0244;0,1026;0,9606;0,966
2,389000;0,0215;0,1016;0,9631;0,969
2,390000;0,0279;0,1055;0,9728;0,979
2,391000;0,0337;0,1129;0,9762;0,983
2,399000;0,0332;0,1173;0,9748;0,982
2,405000;0,0381;0,1182;0,9601;0,968
2,416000;0,0430;0,1178;0,9445;0,953
2,424000;0,0518;0,1192;0,9425;0,951
2,435000;0,0537;0,1217;0,9499;0,959
2,445000;0,0454;0,1217;0,9670;0,976
2,456000;0,0401;0,1192;0,9841;0,992
2,481000;0,0396;0,1197;0,9933;1,001
2,482000;0,0352;0,1173;0,9894;0,997
2,484000;0,0420;0,1124;0,9846;0,992
2,494000;0,0357;0,1075;0,9992;1,006
2,505000;0,0293;0,1055;1,0109;1,017
2,515000;0,0274;0,1060;1,0046;1,011
2,524000;0,0327;0,1085;0,9943;1,001
2,535000;0,0362;0,1104;0,9894;0,996
2,545000;0,0352;0,1114;0,9841;0,991
2,559000;0,0362;0,1129;0,9811;0,988
2,587000;0,0288;0,1143;0,9748;0,982
2,588000;0,0230;0,1134;0,9689;0,976
2,589000;0,0244;0,1168;0,9655;0,973
2,595000;0,0269;0,1202;0,9552;0,963
2,605000;0,0249;0,1173;0,9455;0,953
2,615000;0,0235;0,1109;0,9391;0,946
2,624000;0,0288;0,1104;0,9464;0,953
2,634000;0,0274;0,1065;0,9543;0,961
2,644000;0,0210;0,1080;0,9562;0,963
2,659000;0,0122;0,1090;0,9621;0,968
2,665000;0,0137;0,1119;0,9689;0,975
2,689000;0,0181;0,1094;0,9738;0,980
2,690000;0,0225;0,1129;0,9826;0,989
2,695000;0,0293;0,1143;0,9885;0,995
2,705000;0,0357;0,1182;0,9777;0,985
2,715000;0,0357;0,1217;0,9699;0,978
2,725000;0,0313;0,1178;0,9699;0,978
2,735000;0,0249;0,1192;0,9699;0,978
2,745000;0,0249;0,1173;0,9728;0,980
2,759000;0,0249;0,1134;0,9787;0,986
2,764000;0,0259;0,1109;0,9914;0,998
2,797000;0,0254;0,1090;0,9904;0,997
2,798000;0,0244;0,1104;0,9943;1,001
2,799000;0,0181;0,1104;0,9919;0,998
2,805000;0,0064;0,1094;0,9699;0,976
2,815000;0,0064;0,1099;0,9547;0,961
2,825000;0,0029;0,1109;0,9591;0,966
2,834000;0,0049;0,1085;0,9733;0,979
2,845000;0,0029;0,1090;0,9787;0,985
2,859000;0,0049;0,1094;0,9762;0,982
2,865000;0,0098;0,1124;0,9626;0,969
2,901000;0,0191;0,1109;0,9499;0,957
2,902000;0,0264;0,1114;0,9450;0,952
2,902000;0,0303;0,1138;0,9528;0,960
2,905000;0,0298;0,1134;0,9611;0,968
2,915000;0,0279;0,1114;0,9655;0,972
2,924000;0,0235;0,1094;0,9772;0,984
2,935000;0,0191;0,1016;0,9846;0,990
2,945000;0,0171;0,1002;0,9772;0,982
2,960000;0,0181;0,1007;0,9753;0,981
2,966000;0,0215;0,1055;0,9709;0,977
2,996000;0,0332;0,1070;0,9635;0,970
2,998000;0,0406;0,1104;0,9645;0,972
2,999000;0,0401;0,1051;0,9733;0,980
3,005000;0,0401;0,1060;0,9875;0,994
3,015000;0,0362;0,1065;0,9831;0,990
3,025000;0,0259;0,1055;0,9758;0,982
3,035000;0,0279;0,1085;0,9758;0,982
3,045000;0,0259;0,1080;0,9709;0,977
3,059000;0,0288;0,1065;0,9660;0,972
3,065000;0,0376;0,1090;0,9552;0,962
3,098000;0,0391;0,1114;0,9587;0,966
3,099000;0,0391;0,1085;0,9660;0,973
3,100000;0,0396;0,1055;0,9831;0,990
3,105000;0,0362;0,0967;0,9997;1,005
3,115000;0,0264;0,0909;1,0051;1,010
3,125000;0,0249;0,0904;0,9909;0,995
3,135000;0,0215;0,0977;0,9806;0,986
3,145000;0,0230;0,0967;0,9679;0,973
3,159000;0,0298;0,1011;0,9802;0,986
3,165000;0,0288;0,1070;0,9880;0,994
3,204000;0,0288;0,1011;0,9816;0,987
3,205000;0,0308;0,1021;0,9709;0,977
3,206000;0,0313;0,1041;0,9655;0,972
3,206000;0,0396;0,1031;0,9557;0,962
3,215000;0,0430;0,1026;0,9665;0,973
3,225000;0,0415;0,1011;0,9753;0,981
3,235000;0,0406;0,0992;0,9885;0,994
3,245000;0,0430;0,0938;0,9894;0,995
3,259000;0,0386;0,0938;0,9850;0,990
3,264000;0,0313;0,0923;0,9738;0,979
3,285000;0,0376;0,0904;0,9670;0,972
3,286000;0,0425;0,0963;0,9679;0,974
3,295000;0,0410;0,0933;0,9738;0,979
3,305000;0,0415;0,0923;0,9816;0,987
3,315000;0,0293;0,0987;0,9802;0,986
3,325000;0,0220;0,0997;0,9723;0,978
3,335000;0,0225;0,0987;0,9665;0,972
3,345000;0,0274;0,1031;0,9587;0,965
3,360000;0,0366;0,0953;0,9547;0,960
3,364000;0,0435;0,0953;0,9675;0,973
3,386000;0,0450;0,0953;0,9841;0,990
3,387000;0,0406;0,0963;0,9850;0,991
3,395000;0,0283;0,0948;0,9855;0,990
3,405000;0,0225;0,0997;0,9880;0,993
3,415000;0,0127;0,0977;0,9772;0,982
3,425000;0,0132;0,1041;0,9587;0,964
3,435000;0,0181;0,1119;0,9430;0,950
3,445000;0,0254;0,1124;0,9249;0,932
3,460000;0,0283;0,1104;0,9235;0,930
3,465000;0,0327;0,1114;0,9367;0,944
3,498000;0,0210;0,1055;0,9513;0,957
3,499000;0,0112;0,0967;0,9714;0,976
3,500000;0,0015;0,0963;0,9885;0,993
3,505000;0,0015;0,1036;0,9948;1,000
3,515000;0,0083;0,1065;0,9806;0,986
3,525000;0,0127;0,1138;0,9577;0,965
3,535000;0,0249;0,1197;0,9376;0,946
3,545000;0,0156;0,1226;0,9289;0,937
3,555000;0,0215;0,1256;0,9240;0,933
3,565000;0,0220;0,1226;0,9274;0,936
3,577000;0,0230;0,1280;0,9381;0,947
3,616000;0,0142;0,1334;0,9455;0,955
3,616000;-0,0010;0,1270;0,9601;0,968
3,617000;0,0068;0,1217;0,9606;0,968
3,617000;0,0117;0,1163;0,9557;0,963
3,624000;0,0073;0,1138;0,9557;0,963
3,634000;0,0024;0,1119;0,9538;0,960
3,644000;0,0020;0,1163;0,9513;0,958
3,654000;0,0024;0,1212;0,9547;0,962
3,665000;0,0147;0,1212;0,9655;0,973
3,674000;0,0210;0,1182;0,9753;0,983
3,704000;0,0239;0,1202;0,9836;0,991
3,705000;0,0264;0,1222;0,9728;0,981
3,705000;0,0205;0,1178;0,9728;0,980
3,714000;0,0181;0,1217;0,9787;0,986
3,725000;0,0230;0,1256;0,9860;0,994
3,734000;0,0254;0,1285;0,9811;0,990
3,744000;0,0308;0,1378;0,9684;0,979
3,755000;0,0352;0,1422;0,9557;0,967
3,764000;0,0430;0,1520;0,9420;0,955
3,774000;0,0415;0,1661;0,9264;0,942
3,784000;0,0420;0,1774;0,9191;0,937
3,794000;0,0547;0,1910;0,9044;0,926
3,804000;0,0635;0,2052;0,9020;0,927
3,814000;0,0733;0,2125;0,9088;0,936
3,824000;0,0923;0,2262;0,8932;0,926
3,834000;0,1046;0,2326;0,8707;0,907
3,844000;0,1173;0,2204;0,8531;0,889
3,855000;0,1305;0,2008;0,8487;0,882
3,864000;0,1446;0,1945;0,8565;0,890
3,874000;0,1363;0,1642;0,9039;0,929
3,884000;0,1309;0,1446;0,9552;0,975
3,894000;0,1070;0,1202;1,0026;1,015
3,904000;0,0860;0,1046;1,0383;1,047
3,914000;0,0679;0,0860;1,0588;1,064
3,924000;0,0454;0,0762;1,0564;1,060
3,935000;0,0376;0,0718;1,0295;1,033
3,944000;0,0415;0,0806;1,0012;1,005
3,954000;0,0537;0,0909;0,9738;0,980
3,964000;0,0777;0,1119;0,9645;0,974
3,974000;0,0958;0,1295;0,9582;0,972
3,985000;0,1124;0,1417;0,9582;0,975
3,994000;0,1217;0,1485;0,9547;0,974
4,004000;0,1168;0,1500;0,9440;0,963
4,014000;0,1075;0,1490;0,9464;0,964
4,024000;0,1055;0,1466;0,9547;0,972
4,035000;0,1011;0,1402;0,9670;0,982
4,044000;0,1011;0,1368;0,9797;0,994
4,054000;0,1002;0,1290;0,9992;1,012
4,064000;0,0987;0,1305;0,9997;1,013
4,074000;0,0987;0,1275;0,9933;1,006
4,097000;0,0958;0,1207;0,9904;1,002
4,098000;0,1011;0,1182;0,9846;0,997
4,106000;0,1046;0,1051;0,9806;0,992
4,115000;0,1002;0,0972;0,9904;1,000
4,124000;0,0938;0,0938;1,0095;1,018
4,134000;0,0811;0,0958;1,0246;1,032
4,145000;0,0811;0,0982;1,0456;1,053
4,154000;0,0919;0,1007;1,0412;1,050
4,164000;0,0933;0,1026;1,0192;1,029
4,175000;0,0972;0,1016;0,9831;0,993
4,208000;0,1046;0,0943;0,9557;0,966
4,209000;0,1148;0,0840;0,9538;0,964
4,209000;0,1158;0,0821;0,9738;0,984
4,214000;0,1109;0,0875;0,9968;1,007
4,224000;0,0933;0,0821;1,0158;1,023
4,235000;0,0772;0,0816;1,0373;1,043
4,245000;0,0650;0,0821;1,0642;1,069
4,255000;0,0611;0,0782;1,0784;1,083
4,265000;0,0718;0,0704;1,0901;1,095
4,277000;0,0909;0,0601;1,0867;1,092
4,311000;0,0899;0,0464;1,0955;1,100
4,312000;0,0845;0,0410;1,0950;1,099
4,313000;0,0733;0,0235;1,0935;1,096
4,314000;0,0577;0,0068;1,0671;1,069
4,324000;0,0533;-0,0068;1,0354;1,037
4,334000;0,0591;-0,0078;1,0192;1,021
4,344000;0,0762;-0,0142;0,9885;0,991
4,354000;0,0948;-0,0303;0,9850;0,990
4,364000;0,1119;-0,0596;1,0290;1,037
4,374000;0,1094;-0,0836;1,1052;1,114
4,407000;0,1168;-0,0884;1,1443;1,154
4,408000;0,1168;-0,0958;1,1609;1,171
4,408000;0,1104;-0,1094;1,1927;1,203
4,414000;0,1104;-0,1163;1,2186;1,229
4,424000;0,0938;-0,1256;1,2293;1,239
4,434000;0,0733;-0,1217;1,2181;1,226
4,444000;0,0557;-0,1021;1,1644;1,170
4,454000;0,0410;-0,0728;1,0877;1,091
4,464000;0,0445;-0,0454;1,0173;1,019
4,484000;0,0362;-0,0103;0,9000;0,901
4,494000;0,0254;-0,0010;0,8800;0,880
4,504000;0,0083;0,0137;0,8756;0,876
4,514000;-0,0093;0,0283;0,8937;0,894
4,524000;-0,0254;0,0264;0,9103;0,911
4,535000;-0,0303;0,0210;0,9142;0,915
4,544000;-0,0235;0,0210;0,9191;0,920
4,554000;-0,0020;0,0156;0,9391;0,939
4,564000;0,0059;0,0039;0,9538;0,954
4,574000;-0,0083;-0,0073;0,9650;0,965
4,585000;-0,0117;-0,0098;0,9567;0,957
4,594000;-0,0049;-0,0093;0,9264;0,926
4,604000;-0,0029;-0,0068;0,9069;0,907
4,614000;0,0005;0,0078;0,9015;0,902
4,624000;0,0103;0,0156;0,8761;0,876
4,635000;0,0308;0,0166;0,8409;0,842
4,644000;0,0454;0,0249;0,8380;0,840
4,654000;0,0523;0,0410;0,8658;0,868
4,664000;0,0430;0,0493;0,8951;0,898
4,674000;0,0342;0,0650;0,9274;0,930
4,685000;0,0210;0,0801;0,9337;0,937
4,694000;0,0132;0,0923;0,9186;0,923
4,704000;0,0103;0,0977;0,8868;0,892
4,714000;0,0073;0,1138;0,8453;0,853
4,724000;0,0098;0,1314;0,8150;0,826
4,735000;0,0171;0,1446;0,7896;0,803
4,744000;0,0122;0,1598;0,7886;0,805
4,754000;0,0186;0,1788;0,8043;0,824
4,764000;0,0259;0,1979;0,8150;0,839
4,777000;0,0249;0,2116;0,8194;0,847
4,789000;0,0318;0,2272;0,8204;0,852
4,794000;0,0381;0,2150;0,8209;0,849
4,804000;0,0435;0,2042;0,8482;0,874
4,814000;0,0357;0,1964;0,8942;0,916
4,824000;0,0264;0,1803;0,9396;0,957
4,836000;0,0259;0,1666;0,9738;0,988
4,844000;0,0332;0,1500;1,0144;1,026
4,854000;0,0342;0,1383;1,0344;1,044
4,864000;0,0288;0,1290;1,0021;1,011
4,877000;0,0357;0,1246;0,9499;0,959
4,890000;0,0533;0,1129;0,9186;0,927
4,894000;0,0723;0,1104;0,9313;0,941
4,904000;0,0738;0,1094;0,9802;0,989
4,914000;0,0523;0,0953;1,0417;1,047
4,924000;0,0298;0,0787;1,0784;1,082
4,936000;0,0132;0,0665;1,0901;1,092
4,944000;-0,0064;0,0621;1,0901;1,092
4,955000;-0,0235;0,0660;1,0872;1,089
4,965000;-0,0298;0,0816;1,0813;1,085
4,978000;-0,0308;0,1041;1,0720;1,077
5,012000;-0,0005;0,1094;1,0642;1,070
5,013000;0,0689;0,0870;1,0745;1,080
5,013000;0,1344;0,0337;1,1106;1,119
5,014000;0,1769;-0,0137;1,1649;1,178
5,024000;0,1896;-0,0601;1,2191;1,235
5,036000;0,1730;-0,1090;1,3105;1,326
5,045000;0,1383;-0,1441;1,3930;1,407
5,055000;0,1007;-0,1642;1,4145;1,428
5,065000;0,0655;-0,1608;1,3828;1,394
5,078000;0,0503;-0,1505;1,2894;1,299
5,104000;0,0591;-0,1393;1,1883;1,198
5,105000;0,0684;-0,1241;1,1258;1,135
5,106000;0,0904;-0,1153;1,1087;1,118
5,115000;0,0958;-0,1031;1,0745;1,084
5,125000;0,0899;-0,0855;1,0642;1,071
5,135000;0,0738;-0,0743;1,0583;1,064
5,145000;0,0699;-0,0650;1,0520;1,056
5,166000;0,0708;-0,0513;1,0236;1,027
5,168000;0,0796;-0,0347;0,9938;0,998
5,191000;0,0953;-0,0239;0,9606;0,966
5,192000;0,1085;-0,0166;0,9210;0,928
5,194000;0,1192;-0,0122;0,8810;0,889
5,205000;0,1378;-0,0132;0,8453;0,857
5,215000;0,1402;-0,0142;0,8321;0,844
5,224000;0,1534;-0,0088;0,8189;0,833
5,235000;0,1642;-0,0054;0,8067;0,823
5,244000;0,1710;-0,0122;0,8082;0,826
5,261000;0,1661;-0,0215;0,8214;0,838
5,264000;0,1681;-0,0274;0,8375;0,855
5,285000;0,1686;-0,0318;0,8639;0,881
5,286000;0,1573;-0,0396;0,9093;0,924
5,295000;0,1353;-0,0430;0,9543;0,965
5,305000;0,1143;-0,0401;0,9699;0,977
5,315000;0,1085;-0,0298;0,9508;0,957
5,325000;0,0933;-0,0230;0,9166;0,922
5,335000;0,0860;-0,0112;0,8854;0,890
5,345000;0,0723;-0,0068;0,8732;0,876
5,362000;0,0552;0,0015;0,8683;0,870
5,365000;0,0459;0,0195;0,8629;0,864
5,405000;0,0366;0,0235;0,8614;0,863
5,406000;0,0337;0,0249;0,8663;0,867
5,407000;0,0376;0,0371;0,8634;0,865
5,408000;0,0459;0,0464;0,8526;0,855
5,415000;0,0669;0,0655;0,8477;0,853
5,425000;0,0836;0,0801;0,8429;0,851
5,435000;0,0850;0,0889;0,8365;0,846
5,445000;0,0870;0,1036;0,8399;0,851
5,462000;0,0836;0,1080;0,8429;0,854
5,465000;0,0816;0,1138;0,8389;0,851
5,506000;0,0767;0,1158;0,8297;0,841
5,507000;0,0708;0,1222;0,8331;0,845
5,508000;0,0665;0,1251;0,8477;0,859
5,509000;0,0669;0,1280;0,8775;0,889
5,515000;0,0689;0,1339;0,9132;0,926
5,525000;0,0694;0,1412;0,9362;0,949
5,535000;0,0581;0,1446;0,9289;0,942
5,545000;0,0562;0,1446;0,9171;0,930
5,562000;0,0474;0,1471;0,9196;0,932
5,565000;0,0489;0,1417;0,9406;0,952
5,605000;0,0708;0,1275;0,9811;0,992
5,606000;0,0880;0,1158;1,0183;1,029
5,607000;0,1026;0,0977;1,0578;1,067
5,608000;0,1051;0,0870;1,1121;1,120
5,615000;0,0953;0,0762;1,1668;1,173
5,625000;0,0899;0,0684;1,2098;1,215
5,635000;0,0762;0,0586;1,2279;1,232
5,645000;0,0508;0,0704;1,2122;1,215
5,663000;0,0401;0,0875;1,1585;1,162
5,665000;0,0581;0,0948;1,0852;1,091
5,696000;0,0875;0,0889;1,0178;1,025
5,697000;0,0870;0,0718;0,9846;0,991
5,698000;0,0831;0,0669;1,0105;1,016
5,705000;0,0787;0,0596;1,0691;1,074
5,715000;0,0669;0,0371;1,1360;1,139
5,725000;0,0777;0,0059;1,1785;1,181
5,735000;0,0933;-0,0225;1,1976;1,201
5,744000;0,0880;-0,0567;1,2132;1,218
5,760000;0,0767;-0,0811;1,2318;1,237
5,764000;0,0547;-0,1158;1,2508;1,257
5,774000;0,0547;-0,1412;1,2508;1,260
5,784000;0,0547;-0,1480;1,2274;1,238
5,794000;0,0738;-0,1285;1,1785;1,188
5,804000;0,0821;-0,0987;1,1209;1,128
5,814000;0,0831;-0,0611;1,0593;1,064
5,824000;0,0845;-0,0288;1,0031;1,007
5,834000;0,0840;0,0054;0,9372;0,941
5,844000;0,0816;0,0298;0,8922;0,896
5,862000;0,0704;0,0430;0,8507;0,855
5,864000;0,0572;0,0454;0,8228;0,826
5,875000;0,0508;0,0513;0,8043;0,807
5,884000;0,0523;0,0508;0,7964;0,800
5,894000;0,0518;0,0366;0,8067;0,809
5,905000;0,0503;0,0327;0,8179;0,820
5,915000;0,0489;0,0215;0,8321;0,834
5,924000;0,0450;0,0181;0,8458;0,847
5,934000;0,0410;0,0034;0,8585;0,859
5,945000;0,0415;0,0034;0,8644;0,865
5,962000;0,0498;-0,0073;0,8717;0,873
5,964000;0,0474;-0,0093;0,8854;0,887
5,975000;0,0406;-0,0024;0,9074;0,908
5,985000;0,0293;0,0103;0,9249;0,925
5,994000;0,0166;0,0210;0,9543;0,955
6,004000;-0,0005;0,0381;0,9665;0,967
6,015000;-0,0039;0,0508;0,9499;0,951
6,024000;0,0073;0,0577;0,9118;0,914
6,034000;0,0191;0,0645;0,8854;0,888
6,045000;0,0327;0,0840;0,8722;0,877
6,062000;0,0450;0,1031;0,8688;0,876
6,064000;0,0508;0,1182;0,8751;0,885
6,075000;0,0552;0,1236;0,8883;0,899
6,084000;0,0464;0,1285;0,8922;0,903
6,094000;0,0342;0,1461;0,9118;0,924
6,104000;0,0171;0,1627;0,9293;0,944
6,115000;-0,0049;0,1608;0,9621;0,975
6,124000;-0,0073;0,1608;0,9748;0,988
6,135000;-0,0054;0,1656;0,9728;0,987
6,145000;-0,0093;0,1754;0,9635;0,979
6,162000;-0,0098;0,1842;0,9464;0,964
6,166000;-0,0088;0,1930;0,9337;0,954
6,174000;-0,0049;0,1969;0,9210;0,942
6,184000;-0,0093;0,2062;0,9142;0,937
6,194000;-0,0161;0,2038;0,9034;0,926
6,205000;-0,0117;0,1935;0,9083;0,929
6,215000;-0,0049;0,1779;0,9303;0,947
6,225000;-0,0103;0,1617;0,9714;0,985
6,235000;-0,0044;0,1427;1,0026;1,013
6,245000;0,0068;0,1202;1,0319;1,039
6,263000;0,0205;0,1002;1,0520;1,057
6,265000;0,0176;0,0796;1,0647;1,068
6,306000;0,0078;0,0684;1,0984;1,101
6,307000;-0,0034;0,0552;1,1057;1,107
6,308000;-0,0073;0,0450;1,1043;1,105
6,308000;-0,0107;0,0430;1,1057;1,107
6,315000;-0,0059;0,0572;1,0745;1,076
6,324000;0,0225;0,0840;1,0344;1,038
6,335000;0,0645;0,1041;0,9909;0,998
6,345000;0,1349;0,0987;0,9504;0,965
6,366000;0,1906;0,0816;0,9372;0,960
6,367000;0,2077;0,0625;0,9376;0,962
6,411000;0,2052;0,0269;0,9762;0,998
6,412000;0,1891;-0,0254;1,0666;1,084
6,412000;0,1573;-0,0772;1,1868;1,200
6,413000;0,1373;-0,1212;1,2699;1,283
6,415000;0,1065;-0,1598;1,3178;1,332
6,425000;0,0796;-0,1788;1,3227;1,337
6,435000;0,0669;-0,1774;1,2645;1,279
6,445000;0,0557;-0,1652;1,1707;1,184
6,466000;0,0450;-0,1534;1,1116;1,123
6,468000;0,0484;-0,1319;1,0842;1,093
6,496000;0,0484;-0,0972;1,0583;1,064
6,497000;0,0362;-0,0596;1,0451;1,047
6,497000;0,0298;-0,0303;1,0300;1,031
6,505000;0,0489;-0,0147;1,0129;1,014
6,515000;0,0923;-0,0088;0,9777;0,982
6,525000;0,1148;-0,0015;0,9352;0,942
6,534000;0,0904;0,0039;0,9074;0,912
6,545000;0,0880;0,0039;0,8966;0,901
6,563000;0,0938;0,0015;0,8639;0,869
6,564000;0,0972;-0,0039;0,8507;0,856
6,589000;0,0987;-0,0059;0,8492;0,855
6,590000;0,0933;-0,0034;0,8507;0,856
6,595000;0,0875;-0,0034;0,8394;0,844
6,605000;0,0840;0,0049;0,8350;0,839
6,615000;0,0806;0,0156;0,8536;0,858
6,625000;0,0723;0,0235;0,8692;0,873
6,635000;0,0562;0,0293;0,8854;0,888
6,645000;0,0518;0,0430;0,8951;0,898
6,664000;0,0581;0,0557;0,8971;0,901
6,665000;0,0665;0,0713;0,8717;0,877
6,707000;0,0718;0,0821;0,8341;0,841
6,709000;0,0757;0,0943;0,8052;0,814
6,710000;0,0801;0,1055;0,7945;0,805
6,710000;0,0660;0,1070;0,7818;0,792
6,715000;0,0601;0,1065;0,7774;0,787
6,724000;0,0508;0,1080;0,7847;0,794
6,734000;0,0386;0,1134;0,7959;0,805
6,745000;0,0274;0,1138;0,8077;0,816
6,764000;0,0151;0,1129;0,8248;0,833
6,765000;0,0200;0,1099;0,8546;0,862
6,800000;0,0352;0,1124;0,8722;0,880
6,802000;0,0606;0,1153;0,8790;0,889
6,802000;0,0845;0,1153;0,8697;0,881
6,809000;0,0958;0,1280;0,8824;0,897
6,815000;0,1036;0,1388;0,9005;0,917
6,824000;0,1280;0,1451;0,9269;0,947
6,835000;0,1451;0,1427;0,9596;0,981
6,844000;0,1309;0,1329;0,9953;1,013
6,864000;0,0870;0,1275;1,0315;1,043
6,865000;0,0537;0,1324;1,0544;1,064
6,897000;0,0518;0,1339;1,0666;1,076
6,898000;0,0762;0,1295;1,0510;1,062
6,899000;0,1002;0,1226;1,0417;1,054
6,906000;0,1134;0,1290;1,0378;1,052
6,915000;0,1119;0,1358;1,0495;1,064
6,925000;0,0987;0,1344;1,0613;1,074
6,935000;0,0689;0,1134;1,1004;1,108
6,945000;0,0533;0,1002;1,1556;1,161
6,964000;0,0440;0,0909;1,1727;1,177
6,965000;0,0440;0,0880;1,1463;1,150
6,994000;0,0391;0,0923;1,1165;1,121
6,995000;0,0537;0,1011;1,0852;1,091
6,996000;0,0875;0,1114;1,0588;1,068
7,006000;0,0967;0,1099;1,0681;1,078
7,015000;0,0767;0,1026;1,0701;1,078
7,025000;0,0508;0,1011;1,0627;1,069
7,035000;0,0279;0,0796;1,0662;1,069
7,045000;0,0288;0,0498;1,0613;1,063
7,064000;0,0371;0,0200;1,0730;1,074
7,066000;0,0557;-0,0083;1,1199;1,121
7,096000;0,0748;-0,0225;1,1844;1,187
7,097000;0,0601;-0,0430;1,2421;1,244
7,098000;0,0362;-0,0787;1,2655;1,268
7,106000;0,0313;-0,1231;1,2699;1,276
7,115000;0,0112;-0,1520;1,2943;1,303
7,124000;-0,0151;-0,1427;1,3163;1,324
7,135000;-0,0547;-0,1290;1,2899;1,298
7,145000;-0,0669;-0,0997;1,2347;1,241
7,165000;-0,0381;-0,0728;1,1394;1,142
7,166000;0,0020;-0,0533;1,0305;1,032
7,207000;0,0215;-0,0156;0,9567;0,957
7,208000;0,0381;0,0186;0,8942;0,895
7,209000;0,0254;0,0342;0,8458;0,847
7,210000;0,0147;0,0459;0,8262;0,828
7,215000;0,0083;0,0542;0,8243;0,826
7,225000;-0,0010;0,0537;0,8297;0,831
7,235000;-0,0020;0,0420;0,8155;0,817
7,245000;0,0088;0,0308;0,8003;0,801
7,264000;0,0200;0,0107;0,7955;0,796
7,265000;0,0176;-0,0005;0,8292;0,829
7,311000;-0,0044;-0,0112;0,8604;0,861
7,312000;-0,0254;-0,0171;0,8815;0,882
7,313000;-0,0357;-0,0230;0,9034;0,904
7,313000;-0,0420;-0,0171;0,9098;0,911
7,315000;-0,0308;-0,0068;0,9049;0,905
7,325000;-0,0259;-0,0039;0,9137;0,914
7,335000;-0,0313;0,0039;0,9298;0,930
7,345000;-0,0259;0,0215;0,9201;0,921
7,365000;-0,0054;0,0362;0,8790;0,880
7,366000;-0,0020;0,0474;0,8560;0,857
7,395000;0,0044;0,0547;0,8492;0,851
7,396000;0,0117;0,0606;0,8424;0,845
7,397000;0,0151;0,0621;0,8482;0,851
7,406000;0,0235;0,0674;0,8604;0,863
7,415000;0,0264;0,0699;0,8639;0,867
7,425000;0,0249;0,0748;0,8580;0,862
7,435000;0,0132;0,0733;0,8688;0,872
7,445000;0,0024;0,0796;0,9015;0,905
7,465000;-0,0171;0,0831;0,9245;0,928
7,466000;0,0215;0,1070;0,9088;0,915
7,503000;0,0264;0,1021;0,9181;0,924
7,504000;0,0298;0,1026;0,9401;0,946
7,505000;0,0034;0,1051;0,9440;0,950
7,505000;-0,0083;0,1275;0,8937;0,903
7,515000;-0,0112;0,1495;0,8302;0,844
7,525000;-0,0039;0,1608;0,7769;0,793
7,535000;0,0054;0,1695;0,7808;0,799
7,545000;0,0029;0,1686;0,8140;0,831
7,565000;0,0044;0,1710;0,8707;0,887
7,566000;0,0015;0,1715;0,9293;0,945
7,595000;-0,0034;0,1622;0,9816;0,995
7,596000;-0,0020;0,1529;1,0036;1,015
7,597000;-0,0020;0,1505;1,0090;1,020
7,607000;0,0020;0,1407;1,0276;1,037
7,615000;0,0181;0,1285;1,0256;1,034
7,625000;0,0391;0,1192;1,0119;1,020
7,635000;0,0435;0,1168;1,0222;1,030
7,645000;0,0528;0,1109;1,0491;1,056
7,666000;0,0567;0,0948;1,0911;1,097
7,668000;0,0410;0,0625;1,1468;1,149
7,703000;0,0176;0,0381;1,2093;1,210
7,704000;-0,0059;0,0279;1,2494;1,250
7,705000;-0,0161;0,0303;1,2557;1,256
7,706000;-0,0034;0,0440;1,1986;1,199
7,714000;0,0347;0,0523;1,1219;1,124
7,724000;0,0733;0,0581;1,0412;1,045
7,735000;0,1148;0,0630;0,9777;0,986
7,744000;0,1490;0,0572;0,9547;0,968
7,754000;0,1427;0,0420;0,9611;0,973
7,765000;0,1124;0,0283;1,0114;1,018
7,791000;0,0757;0,0064;1,0872;1,090
7,792000;0,0450;-0,0171;1,1468;1,148
7,794000;0,0210;-0,0366;1,1751;1,176
7,806000;0,0137;-0,0528;1,1668;1,168
7,815000;0,0147;-0,0577;1,1385;1,140
7,825000;0,0122;-0,0430;1,0960;1,097
7,835000;0,0107;-0,0151;1,0710;1,071
7,845000;0,0147;0,0010;1,0393;1,039
7,855000;0,0318;0,0137;0,9933;0,994
7,865000;0,0567;0,0186;0,9411;0,943
7,885000;0,0884;0,0298;0,9152;0,920
7,886000;0,1090;0,0396;0,9230;0,930
7,895000;0,1207;0,0415;0,9479;0,956
7,905000;0,1212;0,0381;0,9621;0,970
7,915000;0,1046;0,0322;0,9694;0,976
7,925000;0,0821;0,0249;0,9767;0,980
7,935000;0,0645;0,0225;0,9860;0,988
7,945000;0,0572;0,0215;0,9631;0,965
7,955000;0,0542;0,0117;0,9269;0,929
7,967000;0,0528;0,0166;0,9049;0,907
8,005000;0,0484;0,0195;0,8868;0,888
8,006000;0,0572;0,0137;0,8546;0,857
8,007000;0,0547;0,0195;0,8644;0,866
8,007000;0,0396;0,0337;0,8942;0,896
8,015000;0,0318;0,0518;0,9113;0,913
8,025000;0,0313;0,0601;0,9103;0,913
8,035000;0,0474;0,0684;0,8863;0,890
8,045000;0,0704;0,0738;0,8492;0,855
8,055000;0,0801;0,0826;0,8023;0,811
8,067000;0,0899;0,0904;0,7925;0,803
8,098000;0,0875;0,0889;0,8033;0,813
8,099000;0,0772;0,0816;0,8238;0,831
8,100000;0,0762;0,0713;0,8473;0,854
8,105000;0,0782;0,0567;0,8766;0,882
8,115000;0,0816;0,0362;0,9333;0,938
8,125000;0,0738;0,0298;0,9762;0,979
8,135000;0,0699;0,0352;1,0051;1,008
8,145000;0,0718;0,0430;0,9992;1,003
8,155000;0,0650;0,0484;0,9865;0,990
8,168000;0,0577;0,0621;0,9802;0,984
8,201000;0,0533;0,0772;0,9704;0,975
8,202000;0,0523;0,0923;0,9547;0,961
8,202000;0,0577;0,1085;0,9357;0,944
8,205000;0,0601;0,1178;0,9176;0,927
8,215000;0,0689;0,1251;0,9059;0,917
8,225000;0,0645;0,1241;0,9161;0,927
8,234000;0,0523;0,1275;0,9352;0,945
8,244000;0,0459;0,1256;0,9635;0,973
8,254000;0,0371;0,1168;0,9792;0,987
8,264000;0,0425;0,1104;0,9880;0,995
8,281000;0,0430;0,1036;0,9831;0,989
8,284000;0,0542;0,0933;0,9977;1,004
8,294000;0,0498;0,0787;1,0266;1,031
8,304000;0,0450;0,0694;1,0388;1,042
8,314000;0,0391;0,0616;1,0447;1,047
8,324000;0,0386;0,0503;1,0598;1,062
8,335000;0,0176;0,0533;1,0920;1,093
8,345000;-0,0064;0,0679;1,1048;1,107
8,355000;-0,0107;0,0870;1,0896;1,093
8,365000;-0,0049;0,0826;1,0706;1,074
8,402000;0,0078;0,0792;1,0549;1,058
8,403000;0,0376;0,0728;1,0202;1,024
8,404000;0,0322;0,0611;1,0061;1,008
8,405000;0,0142;0,0528;1,0026;1,004
8,415000;0,0142;0,0445;1,0095;1,011
8,425000;0,0122;0,0352;1,0124;1,013
8,435000;0,0156;0,0352;1,0178;1,019
8,445000;0,0181;0,0322;1,0178;1,018
8,455000;0,0347;0,0195;1,0100;1,011
8,467000;0,0772;-0,0073;0,9992;1,002
8,498000;0,1090;-0,0459;1,0207;1,028
8,499000;0,1197;-0,0665;1,1111;1,120
8,500000;0,0938;-0,0738;1,2015;1,207
8,505000;0,0586;-0,0748;1,2489;1,253
8,515000;0,0332;-0,0757;1,2548;1,257
8,525000;0,0215;-0,0811;1,2171;1,220
8,535000;0,0220;-0,0704;1,1473;1,150
8,545000;0,0430;-0,0308;1,0652;1,066
8,555000;0,0552;0,0064;0,9943;0,996
8,565000;0,0508;0,0371;0,9435;0,946
8,594000;0,0533;0,0552;0,9020;0,905
8,595000;0,0528;0,0630;0,8961;0,900
8,596000;0,0425;0,0728;0,9020;0,906
8,604000;0,0220;0,0713;0,9171;0,920
8,614000;0,0171;0,0606;0,9328;0,935
8,625000;0,0005;0,0430;0,9416;0,943
8,634000;-0,0137;0,0401;0,9333;0,934
8,644000;-0,0264;0,0366;0,9264;0,928
8,655000;-0,0283;0,0357;0,9064;0,908
8,667000;-0,0171;0,0420;0,8903;0,891
8,698000;-0,0044;0,0396;0,8810;0,882
8,699000;0,0098;0,0415;0,8756;0,877
8,700000;0,0215;0,0459;0,8839;0,885
8,705000;0,0259;0,0450;0,9103;0,912
8,715000;0,0269;0,0420;0,9342;0,936
8,725000;0,0195;0,0381;0,9513;0,952
8,735000;0,0117;0,0386;0,9450;0,946
8,745000;0,0088;0,0406;0,9318;0,933
8,755000;0,0059;0,0450;0,9171;0,918
8,767000;0,0083;0,0645;0,9034;0,906
8,798000;0,0122;0,0762;0,8942;0,897
8,800000;0,0191;0,0923;0,8756;0,881
8,800000;0,0215;0,0982;0,8663;0,872
8,805000;0,0264;0,1046;0,8624;0,869
8,815000;0,0225;0,1158;0,8565;0,865
8,825000;0,0068;0,1309;0,8531;0,863
8,835000;-0,0029;0,1407;0,8536;0,865
8,845000;-0,0151;0,1432;0,8468;0,859
8,855000;-0,0195;0,1456;0,8482;0,861
8,866000;-0,0254;0,1524;0,8644;0,878
8,898000;-0,0352;0,1583;0,8824;0,897
8,899000;-0,0376;0,1603;0,9020;0,917
8,900000;-0,0435;0,1598;0,9113;0,926
8,905000;-0,0376;0,1608;0,9069;0,922
8,915000;-0,0293;0,1544;0,9088;0,922
8,925000;-0,0200;0,1520;0,9157;0,928
8,935000;-0,0181;0,1476;0,9279;0,940
8,945000;-0,0132;0,1466;0,9562;0,967
8,955000;-0,0210;0,1290;1,0002;1,009
8,967000;-0,0171;0,1251;1,0227;1,030
8,998000;-0,0215;0,1197;1,0271;1,034
9,000000;-0,0298;0,1055;1,0368;1,043
9,001000;-0,0195;0,0938;1,0383;1,043
9,005000;-0,0064;0,0831;1,0505;1,054
9,015000;-0,0064;0,0718;1,0823;1,085
9,025000;-0,0117;0,0616;1,1096;1,111
9,035000;-0,0215;0,0635;1,1365;1,138
9,045000;-0,0371;0,0811;1,1370;1,140
9,055000;-0,0445;0,0909;1,1067;1,111
9,068000;-0,0352;0,0953;1,0720;1,077
9,102000;-0,0098;0,0977;1,0530;1,058
9,103000;0,0386;0,0806;1,0442;1,048
9,104000;0,0938;0,0513;1,0315;1,037
9,105000;0,1412;0,0362;1,0520;1,062
9,115000;0,1549;0,0313;1,0666;1,078
9,126000;0,1349;0,0186;1,0916;1,100
9,135000;0,1002;-0,0010;1,1228;1,127
9,145000;0,0743;-0,0171;1,1370;1,140
9,155000;0,0611;-0,0401;1,1482;1,151
9,165000;0,0479;-0,0616;1,1619;1,165
9,196000;0,0440;-0,0801;1,1736;1,177
9,198000;0,0352;-0,0836;1,1810;1,184
9,199000;0,0249;-0,0840;1,1707;1,174
9,205000;0,0034;-0,0772;1,1756;1,178
9,215000;-0,0122;-0,0572;1,1590;1,160
9,225000;-0,0288;-0,0342;1,1072;1,108
9,235000;-0,0259;-0,0064;1,0334;1,034
9,245000;-0,0093;0,0151;0,9440;0,944
9,255000;0,0171;0,0200;0,8966;0,897
9,267000;0,0445;0,0239;0,8727;0,874
9,298000;0,0728;0,0308;0,8673;0,871
9,299000;0,0845;0,0366;0,8658;0,871
9,300000;0,0938;0,0362;0,8658;0,872
9,305000;0,0958;0,0293;0,8707;0,876
9,315000;0,0840;0,0230;0,8785;0,883
9,325000;0,0718;0,0205;0,8898;0,893
9,335000;0,0704;0,0205;0,8824;0,885
9,345000;0,0665;0,0259;0,8815;0,884
9,355000;0,0601;0,0332;0,8795;0,882
9,367000;0,0586;0,0298;0,8780;0,880
9,396000;0,0430;0,0279;0,9005;0,902
9,398000;0,0274;0,0347;0,9201;0,921
9,399000;0,0132;0,0493;0,9191;0,920
9,405000;0,0098;0,0596;0,8829;0,885
9,415000;0,0078;0,0665;0,8463;0,849
9,426000;0,0117;0,0704;0,8311;0,834
9,435000;0,0176;0,0782;0,8458;0,850
9,445000;0,0176;0,0840;0,8668;0,871
9,455000;0,0239;0,0938;0,8727;0,878
9,467000;0,0244;0,1002;0,8619;0,868
9,496000;0,0288;0,1021;0,8458;0,852
9,498000;0,0435;0,1060;0,8414;0,849
9,499000;0,0528;0,1099;0,8585;0,867
9,505000;0,0601;0,1182;0,8707;0,881
9,515000;0,0645;0,1280;0,8736;0,885
9,526000;0,0679;0,1324;0,8658;0,879
9,535000;0,0689;0,1334;0,8634;0,876
9,545000;0,0713;0,1358;0,8648;0,878
9,555000;0,0665;0,1397;0,8741;0,888
9,567000;0,0601;0,1422;0,9015;0,915
9,596000;0,0581;0,1412;0,9293;0,942
9,598000;0,0606;0,1378;0,9401;0,952
9,598000;0,0621;0,1388;0,9709;0,983
9,605000;0,0464;0,1397;1,0158;1,026
9,615000;0,0337;0,1349;1,0574;1,066
9,626000;0,0396;0,1290;1,0696;1,078
9,635000;0,0396;0,1182;1,0706;1,078
9,644000;0,0371;0,1173;1,0793;1,086
9,655000;0,0318;0,1055;1,0964;1,102
9,667000;0,0249;0,0928;1,1170;1,121
9,697000;0,0166;0,0816;1,1390;1,142
9,698000;0,0137;0,0723;1,1595;1,162
9,699000;0,0054;0,0660;1,1805;1,182
9,705000;0,0015;0,0870;1,1790;1,182
9,715000;0,0034;0,1051;1,1409;1,146
9,726000;0,0103;0,1163;1,0784;1,085
9,735000;0,0195;0,1217;1,0344;1,042
9,745000;0,0376;0,1104;0,9963;1,003
9,755000;0,0366;0,0914;0,9973;1,002
9,768000;0,0293;0,0743;1,0095;1,013
9,798000;0,0132;0,0430;1,0163;1,017
9,800000;0,0064;0,0122;1,0549;1,055
9,800000;0,0078;-0,0137;1,1111;1,111
9,805000;0,0112;-0,0415;1,1497;1,151
9,815000;0,0200;-0,0665;1,1673;1,169
9,826000;0,0318;-0,1051;1,1780;1,183
9,835000;0,0459;-0,1388;1,2337;1,242
9,845000;0,0489;-0,1661;1,2621;1,274
9,855000;0,0464;-0,1759;1,2797;1,293
9,868000;0,0269;-0,1510;1,2797;1,289
9,907000;0,0137;-0,1124;1,2196;1,225
9,909000;0,0161;-0,0708;1,1175;1,120
9,909000;0,0235;-0,0303;1,0070;1,008
9,910000;0,0176;0,0093;0,9298;0,930
9,915000;0,0122;0,0352;0,8800;0,881
9,926000;0,0186;0,0469;0,8619;0,863
9,935000;0,0239;0,0489;0,8688;0,870
9,945000;0,0239;0,0435;0,8898;0,891
9,955000;0,0254;0,0347;0,9064;0,907
9,968000;0,0151;0,0225;0,9000;0,900
10,009000;-0,0098;0,0122;0,8937;0,894
10,010000;-0,0205;0,0039;0,8810;0,881
10,011000;-0,0244;0,0093;0,8683;0,869
10,012000;-0,0210;0,0122;0,8624;0,863
10,015000;-0,0088;0,0107;0,8346;0,835
10,027000;-0,0034;0,0059;0,8267;0,827
10,035000;0,0078;0,0112;0,8380;0,838
10,045000;0,0059;0,0205;0,8404;0,841
10,055000;-0,0005;0,0225;0,8473;0,848
10,068000;-0,0039;0,0225;0,8482;0,849
10,099000;-0,0020;0,0235;0,8492;0,850
10,100000;0,0093;0,0298;0,8653;0,866
10,101000;0,0200;0,0440;0,8775;0,879
10,105000;0,0322;0,0567;0,8668;0,869
10,115000;0,0420;0,0669;0,8458;0,849
10,126000;0,0406;0,0757;0,8346;0,839
10,135000;0,0552;0,0884;0,8375;0,844
10,145000;0,0552;0,1085;0,8321;0,841
10,155000;0,0479;0,1197;0,8302;0,840
10,165000;0,0357;0,1236;0,8282;0,838
10,193000;0,0132;0,1329;0,8389;0,850
10,194000;-0,0093;0,1378;0,8619;0,873
10,195000;-0,0298;0,1393;0,8942;0,905
10,205000;-0,0513;0,1407;0,9210;0,933
10,215000;-0,0669;0,1456;0,9274;0,941
10,226000;-0,0713;0,1515;0,9215;0,937
10,235000;-0,0669;0,1671;0,9220;0,939
10,245000;-0,0459;0,1710;0,9254;0,942
10,255000;-0,0191;0,1710;0,9230;0,939
10,269000;-0,0073;0,1588;0,9342;0,948
10,299000;-0,0010;0,1510;0,9704;0,982
10,301000;-0,0034;0,1427;1,0026;1,013
10,301000;-0,0044;0,1329;1,0285;1,037
10,305000;0,0029;0,1222;1,0588;1,066
10,315000;0,0122;0,1148;1,0872;1,093
10,325000;0,0264;0,0997;1,1033;1,108
10,335000;0,0313;0,0836;1,1204;1,124
10,345000;0,0181;0,0616;1,1419;1,144
10,355000;-0,0015;0,0508;1,1639;1,165
10,371000;-0,0235;0,0518;1,1634;1,165
10,375000;-0,0332;0,0738;1,1311;1,134
10,398000;-0,0249;0,1119;1,0759;1,082
10,399000;0,0039;0,1275;0,9914;1,000
10,405000;0,0518;0,1187;0,9538;0,963
10,415000;0,1168;0,1075;0,9665;0,979
10,424000;0,1534;0,0914;0,9973;1,013
10,434000;0,1275;0,0762;1,0290;1,040
10,444000;0,0923;0,0586;1,0622;1,068
10,454000;0,0674;0,0191;1,1204;1,123
10,464000;0,0577;-0,0215;1,1780;1,180
10,474000;0,0611;-0,0508;1,2308;1,233
10,486000;0,0650;-0,0782;1,2694;1,273
10,511000;0,0723;-0,0889;1,2919;1,297
10,513000;0,0577;-0,0845;1,2655;1,270
10,515000;0,0425;-0,0699;1,2010;1,204
10,525000;0,0049;-0,0792;1,1390;1,142
10,535000;-0,0181;-0,0660;1,0920;1,094
10,545000;-0,0269;-0,0586;1,0339;1,036
10,555000;-0,0322;-0,0386;1,0090;1,010
10,565000;-0,0225;-0,0161;0,9743;0,975
10,575000;0,0176;-0,0112;0,9376;0,938
10,587000;0,0694;-0,0088;0,8961;0,899
10,618000;0,0875;-0,0078;0,8648;0,869
10,619000;0,0933;-0,0059;0,8463;0,851
10,620000;0,0880;-0,0049;0,8346;0,839
10,625000;0,0894;-0,0112;0,8477;0,853
10,635000;0,0840;-0,0269;0,8751;0,880
10,645000;0,0699;-0,0313;0,9093;0,913
10,655000;0,0621;-0,0313;0,9323;0,935
10,665000;0,0650;-0,0210;0,9303;0,933
10,675000;0,0601;-0,0283;0,9161;0,919
10,687000;0,0752;-0,0220;0,9142;0,918
10,717000;0,0699;-0,0249;0,9225;0,925
10,718000;0,0665;-0,0151;0,9601;0,963
10,719000;0,0606;-0,0010;0,9762;0,978
10,725000;0,0464;0,0112;0,9748;0,976
10,734000;0,0396;0,0274;0,9635;0,965
10,744000;0,0381;0,0415;0,9269;0,929
10,755000;0,0503;0,0630;0,8863;0,890
10,765000;0,0601;0,0752;0,8370;0,843
10,775000;0,0665;0,0816;0,8003;0,807
10,787000;0,0694;0,0919;0,7891;0,797
10,817000;0,0684;0,1036;0,8062;0,816
10,819000;0,0728;0,1041;0,8253;0,835
10,819000;0,0733;0,1007;0,8389;0,848
10,825000;0,0645;0,0977;0,8590;0,867
10,834000;0,0572;0,1011;0,8854;0,893
10,845000;0,0498;0,1031;0,9039;0,911
10,858000;0,0381;0,1080;0,9230;0,930
10,865000;0,0362;0,1153;0,9157;0,924
10,874000;0,0342;0,1192;0,8878;0,896
10,885000;0,0386;0,1261;0,8736;0,884
10,911000;0,0352;0,1373;0,8619;0,873
10,912000;0,0459;0,1427;0,8536;0,867
10,914000;0,0528;0,1510;0,8458;0,861
10,924000;0,0445;0,1627;0,8487;0,865
10,934000;0,0396;0,1764;0,8502;0,869
10,944000;0,0401;0,1842;0,8629;0,883
10,954000;0,0396;0,1886;0,8878;0,908
10,964000;0,0347;0,1808;0,9230;0,941
10,974000;0,0239;0,1827;0,9631;0,981
10,984000;0,0239;0,1803;0,9904;1,007
11,006000;0,0288;0,1759;1,0100;1,026
11,007000;0,0386;0,1725;1,0271;1,042
11,015000;0,0547;0,1652;1,0398;1,054
11,025000;0,0728;0,1539;1,0500;1,064
11,035000;0,0870;0,1451;1,0481;1,062
11,045000;0,0928;0,1334;1,0715;1,084
11,055000;0,0860;0,1163;1,1214;1,131
11,065000;0,0743;0,1007;1,1785;1,185
11,075000;0,0650;0,0899;1,2166;1,222
11,087000;0,0489;0,0787;1,2396;1,243
11,119000;0,0322;0,0831;1,2279;1,231
11,120000;0,0205;0,1011;1,1898;1,194
11,121000;0,0068;0,1226;1,1399;1,147
11,125000;0,0088;0,1275;1,0842;1,092
11,135000;0,0156;0,1266;1,0564;1,064
11,145000;0,0313;0,1334;1,0471;1,056
11,155000;0,0269;0,1300;1,0447;1,053
11,165000;0,0235;0,1256;1,0363;1,044
11,175000;0,0337;0,1148;1,0329;1,040
11,187000;0,0342;0,0899;1,0583;1,063
11,223000;0,0450;0,0669;1,0994;1,102
11,224000;0,0493;0,0396;1,1365;1,138
11,225000;0,0518;0,0078;1,1517;1,153
11,226000;0,0650;-0,0225;1,1590;1,161
11,235000;0,0704;-0,0567;1,1595;1,163
11,244000;0,0699;-0,0811;1,1810;1,186
11,255000;0,0586;-0,0963;1,1942;1,199
11,264000;0,0537;-0,0977;1,1888;1,194
11,275000;0,0200;-0,0958;1,1609;1,165
11,286000;0,0176;-0,0821;1,1199;1,123
11,320000;0,0186;-0,0757;1,0715;1,074
11,321000;0,0308;-0,0581;1,0378;1,040
11,322000;0,0366;-0,0332;0,9665;0,968
11,325000;0,0322;-0,0176;0,9113;0,912
11,335000;0,0425;0,0039;0,8702;0,871
11,345000;0,0469;0,0107;0,8463;0,848
11,355000;0,0406;0,0181;0,8497;0,851
11,364000;0,0347;0,0156;0,8536;0,854
11,375000;0,0264;0,0200;0,8331;0,834
11,385000;0,0161;0,0181;0,8336;0,834
11,411000;0,0024;0,0220;0,8214;0,822
11,412000;-0,0005;0,0313;0,8067;0,807
11,415000;-0,0044;0,0415;0,7984;0,799
11,425000;0,0010;0,0459;0,7881;0,789
11,435000;0,0093;0,0518;0,7784;0,780
11,445000;0,0303;0,0489;0,7661;0,768
11,455000;0,0357;0,0489;0,7823;0,785
11,465000;0,0322;0,0567;0,8150;0,818
11,475000;0,0269;0,0513;0,8473;0,849
11,487000;0,0220;0,0396;0,8937;0,895
11,517000;0,0220;0,0406;0,9201;0,921
11,519000;0,0147;0,0484;0,9342;0,936
11,519000;0,0112;0,0542;0,9474;0,949
11,525000;0,0093;0,0601;0,9469;0,949
11,535000;0,0039;0,0748;0,9186;0,922
11,545000;0,0098;0,0884;0,8873;0,892
11,555000;0,0117;0,1007;0,8702;0,876
11,565000;0,0064;0,1178;0,8780;0,886
11,575000;-0,0088;0,1314;0,8883;0,898
11,585000;-0,0283;0,1358;0,8898;0,901
11,606000;-0,0440;0,1393;0,9039;0,916
11,608000;-0,0518;0,1461;0,9210;0,934
11,615000;-0,0547;0,1432;0,9367;0,949
11,625000;-0,0503;0,1402;0,9616;0,973
11,635000;-0,0425;0,1500;0,9714;0,984
11,645000;-0,0425;0,1559;0,9552;0,969
11,655000;-0,0410;0,1642;0,9347;0,950
11,665000;-0,0279;0,1671;0,9157;0,931
11,675000;-0,0161;0,1700;0,9196;0,935
11,691000;-0,0235;0,1666;0,9376;0,953
11,718000;-0,0249;0,1617;0,9440;0,958
11,720000;-0,0259;0,1568;0,9450;0,958
11,720000;-0,0357;0,1568;0,9518;0,965
11,725000;-0,0332;0,1637;0,9626;0,977
11,735000;-0,0254;0,1612;0,9533;0,967
11,744000;-0,0161;0,1608;0,9469;0,961
11,754000;-0,0191;0,1666;0,9635;0,978
11,764000;-0,0186;0,1686;0,9562;0,971
11,774000;-0,0147;0,1671;0,9425;0,957
11,784000;-0,0112;0,1695;0,9303;0,946
11,801000;-0,0024;0,1739;0,9352;0,951
11,804000;-0,0195;0,1700;0,9670;0,982
11,815000;-0,0249;0,1656;1,0163;1,030
11,824000;-0,0425;0,1573;1,0481;1,061
11,834000;-0,0537;0,1480;1,0578;1,070
11,845000;-0,0645;0,1441;1,0510;1,063
11,854000;-0,0616;0,1456;1,0456;1,058
11,864000;-0,0484;0,1461;1,0329;1,044
11,874000;-0,0357;0,1388;1,0197;1,030
11,885000;-0,0347;0,1349;1,0368;1,046
11,918000;-0,0254;0,1417;1,0950;1,104
11,919000;-0,0283;0,1432;1,1145;1,124
11,920000;-0,0176;0,1559;1,1331;1,144
11,924000;0,0068;0,1691;1,1140;1,127
11,934000;0,0279;0,1544;1,0891;1,100
11,945000;0,0674;0,1520;1,0969;1,109
11,955000;0,1080;0,1300;1,1282;1,141
11,964000;0,1407;0,0919;1,1785;1,190
11,975000;0,1823;0,0723;1,2240;1,240
11,987000;0,1871;0,0181;1,2118;1,226
12,028000;0,1945;-0,0474;1,1385;1,156
12,030000;0,2008;-0,0469;1,0916;1,111
12,031000;0,1554;-0,0181;1,1189;1,130
12,031000;0,0743;-0,0655;1,1165;1,121
12,035000;0,0621;-0,0772;1,1267;1,131
12,046000;0,0376;-0,0616;1,1785;1,181
12,055000;-0,0181;-0,0489;1,2113;1,212
12,065000;-0,0645;-0,0435;1,2069;1,209
12,075000;-0,0699;-0,0347;1,1732;1,176
12,087000;-0,0347;-0,0161;1,1028;1,103
12,130000;0,0024;-0,0093;1,0153;1,015
12,131000;0,0254;-0,0029;0,9846;0,985
12,132000;0,0283;0,0068;0,9762;0,977
12,132000;0,0425;0,0191;0,9850;0,986
12,135000;0,0528;0,0171;0,9826;0,984
12,145000;0,0479;0,0161;0,9577;0,959
12,155000;0,0420;0,0127;0,9240;0,925
12,165000;0,0547;0,0191;0,8590;0,861
12,175000;0,0586;0,0269;0,8526;0,855
12,186000;0,0801;0,0244;0,8761;0,880
12,221000;0,1036;0,0073;0,8878;0,894
12,222000;0,1036;-0,0049;0,8859;0,892
12,223000;0,0982;-0,0068;0,9054;0,911
12,225000;0,0889;-0,0029;0,9494;0,954
12,235000;0,0640;0,0059;0,9929;0,995
12,246000;0,0635;0,0073;1,0129;1,015
12,255000;0,0450;-0,0059;1,0075;1,009
12,265000;0,0308;-0,0127;1,0095;1,010
12,275000;0,0064;-0,0044;1,0222;1,022
12,288000;0,0093;0,0117;1,0124;1,013
12,331000;-0,0254;0,0161;0,9816;0,982
12,332000;-0,0665;0,0660;0,9508;0,955
12,332000;-0,0498;0,0967;0,9269;0,933
12,333000;-0,0713;0,0987;0,9122;0,920
12,335000;-0,0674;0,1070;0,9425;0,951
12,346000;-0,0606;0,1129;0,9274;0,936
12,355000;-0,0586;0,1168;0,8917;0,901
12,365000;-0,0450;0,1192;0,8688;0,878
12,375000;-0,0303;0,1104;0,8678;0,875
12,388000;-0,0410;0,0752;0,8849;0,889
12,431000;-0,0503;0,0484;0,9352;0,938
12,432000;-0,0068;0,1207;0,9816;0,989
12,433000;0,0059;0,1353;0,9767;0,986
12,433000;0,0044;0,1182;0,9249;0,932
12,435000;-0,0176;0,0880;0,9005;0,905
12,446000;-0,0083;0,0767;0,8560;0,860
12,455000;0,0098;0,0933;0,8443;0,850
12,465000;0,0059;0,1212;0,8595;0,868
12,475000;0,0039;0,1466;0,8775;0,890
12,487000;-0,0073;0,1529;0,8761;0,889
12,522000;-0,0088;0,1515;0,8648;0,878
12,523000;-0,0103;0,1461;0,8756;0,888
12,524000;-0,0098;0,1451;0,8951;0,907
12,524000;-0,0127;0,1476;0,9108;0,923
12,535000;-0,0298;0,1529;0,9191;0,932
12,546000;-0,0523;0,1241;0,9049;0,915
12,555000;-0,0445;0,1603;0,9015;0,917
12,565000;-0,0445;0,1744;0,9181;0,936
12,575000;-0,0479;0,1867;0,9205;0,940
12,588000;-0,0596;0,1886;0,9396;0,960
12,627000;-0,0542;0,1881;0,9836;1,003
12,628000;-0,0391;0,1891;0,9973;1,016
12,629000;-0,0171;0,1950;0,9865;1,006
12,629000;0,0200;0,1964;0,9640;0,984
12,635000;0,0630;0,1959;0,9420;0,964
12,647000;0,1163;0,1989;0,9249;0,953
12,655000;0,1241;0,2023;0,9494;0,979
12,665000;0,1119;0,2067;1,0349;1,061
12,675000;0,0953;0,1969;1,1135;1,135
12,686000;0,0855;0,1637;1,1380;1,153
12,718000;0,0586;0,1002;1,1204;1,126
12,719000;0,0557;0,0967;1,1170;1,123
12,720000;0,0230;0,0826;1,0945;1,098
12,724000;0,0210;0,0787;1,0564;1,060
12,734000;0,0684;0,0850;1,0276;1,033
12,748000;0,0127;0,0977;0,9997;1,005
12,755000;-0,0425;0,1187;1,0026;1,011
12,764000;-0,0249;0,1388;1,0632;1,073
12,775000;0,0020;0,1300;1,0779;1,086
12,789000;0,0059;0,1158;1,0784;1,085
12,796000;-0,0034;0,1060;1,0515;1,057
12,823000;0,0064;0,0953;0,9943;0,999
12,824000;0,0420;0,1021;0,9430;0,949
12,824000;0,0748;0,1173;0,9122;0,923
12,834000;0,0884;0,1339;0,9044;0,919
12,846000;0,0914;0,1456;0,9352;0,951
12,854000;0,1002;0,1500;0,9826;0,999
12,864000;0,0953;0,1373;1,0368;1,050
12,874000;0,0796;0,1192;1,0725;1,082
12,885000;0,0606;0,0953;1,0671;1,073
12,896000;0,0479;0,0777;1,0280;1,032
12,912000;0,0308;0,0606;0,9855;0,988
12,914000;0,0225;0,0650;0,9484;0,951
12,925000;0,0200;0,0752;0,9416;0,945
12,934000;0,0298;0,0914;0,9645;0,969
12,944000;0,0542;0,1026;0,9806;0,987
12,955000;0,0762;0,1178;0,9792;0,989
12,970000;0,0831;0,1300;0,9655;0,978
12,974000;0,0953;0,1402;0,9660;0,981
12,994000;0,0923;0,1383;0,9689;0,983
12,995000;0,0787;0,1305;0,9816;0,993
13,004000;0,0694;0,1173;1,0036;1,013
13,014000;0,0713;0,1094;1,0578;1,066
13,025000;0,0713;0,0948;1,0578;1,064
13,034000;0,0586;0,0806;1,0368;1,042
13,044000;0,0303;0,0660;0,9855;0,988
13,054000;0,0083;0,0616;0,9396;0,942
13,070000;-0,0112;0,0606;0,9161;0,918
13,074000;-0,0225;0,0708;0,9318;0,935
13,086000;-0,0322;0,0850;0,9484;0,953
13,094000;-0,0581;0,0948;0,9616;0,968
13,104000;-0,0748;0,0865;0,9733;0,980
13,115000;-0,0748;0,0889;0,9846;0,991
13,124000;-0,0723;0,0894;0,9885;0,995
13,134000;-0,0694;0,1041;0,9738;0,982
13,145000;-0,0591;0,0894;0,9425;0,949
13,154000;-0,0699;0,0923;0,9249;0,932
13,171000;-0,0708;0,0743;0,8966;0,902
13,174000;-0,0733;0,0635;0,8756;0,881
13,191000;-0,0611;0,0660;0,8932;0,898
13,194000;-0,0542;0,0689;0,9176;0,922
13,204000;-0,0528;0,0748;0,9406;0,945
13,214000;-0,0572;0,0792;0,9650;0,970
13,224000;-0,0708;0,0806;0,9929;0,999
13,234000;-0,0655;0,0831;0,9846;0,990
13,244000;-0,0479;0,0860;0,9738;0,979
13,254000;-0,0318;0,0987;0,9611;0,967
13,267000;-0,0107;0,1046;0,9533;0,959
13,274000;0,0024;0,1109;0,9538;0,960
13,288000;-0,0103;0,1119;0,9675;0,974
13,294000;-0,0191;0,0982;0,9904;0,995
13,304000;-0,0244;0,0977;0,9044;0,910
13,314000;-0,0107;0,1085;0,9591;0,965
13,324000;-0,0792;0,1515;0,9811;0,996
13,334000;-0,1358;0,1652;1,0735;1,095
13,344000;-0,1495;0,1622;1,1404;1,162
13,354000;-0,1187;0,1461;1,1478;1,163
13,367000;-0,1163;0,1305;1,0583;1,073
13,374000;-0,0889;0,1554;0,9034;0,921
13,387000;0,0107;0,1495;0,7368;0,752
13,394000;0,0239;0,1002;0,7119;0,719
13,404000;0,0850;0,0039;1,3398;1,342
13,414000;-0,0210;-0,0332;1,5719;1,572
13,424000;-0,2228;-0,0567;1,3720;1,391
13,434000;-0,3254;-0,0621;1,1170;1,165
13,444000;-0,2756;-0,0313;0,9333;0,974
13,454000;-0,1803;0,0459;0,8414;0,862
13,472000;-0,1554;0,0557;0,8619;0,878
13,474000;-0,0352;0,0562;0,9074;0,910
13,496000;-0,0362;0,0362;1,0183;1,020
13,498000;-0,0669;0,0259;1,1267;1,129
13,504000;-0,1124;0,0264;1,1052;1,111
13,514000;-0,1344;0,0259;1,0877;1,096
13,524000;-0,1280;0,0303;1,0691;1,077
13,534000;-0,1373;0,0215;1,0232;1,033
13,544000;-0,1510;0,0171;0,9787;0,990
13,554000;-0,1598;0,0181;0,9313;0,945
13,572000;-0,1505;0,0313;0,8956;0,909
13,574000;-0,1026;0,0635;0,9010;0,909
13,607000;-0,0660;0,0792;0,9098;0,916
13,607000;-0,0547;0,0792;0,9137;0,919
13,608000;-0,0503;0,0591;0,8986;0,902
13,615000;-0,0210;0,0533;0,9205;0,922
13,624000;-0,0352;0,0518;0,9626;0,965
13,634000;-0,0860;0,0440;0,9987;1,003
13,644000;-0,1319;0,0337;1,0212;1,030
13,654000;-0,1285;0,0498;1,0290;1,038
13,667000;-0,0982;0,0782;1,0007;1,009
13,674000;-0,0743;0,0953;0,9587;0,966
13,684000;-0,0469;0,1075;0,9249;0,932
13,694000;-0,0230;0,1085;0,9176;0,924
13,704000;-0,0264;0,0821;0,9279;0,932
13,714000;-0,0274;0,0640;0,9494;0,952
13,724000;-0,0254;0,0674;0,9943;0,997
13,734000;-0,0493;0,0689;1,0276;1,031
13,744000;-0,0694;0,0743;1,0329;1,038
13,754000;-0,0611;0,0704;1,0002;1,005
13,766000;-0,0469;0,0581;0,9728;0,976
13,774000;-0,0440;0,0435;0,9689;0,971
13,785000;-0,0518;0,0303;0,9621;0,964
13,794000;-0,0655;0,0337;0,9660;0,969
13,804000;-0,0796;0,0498;0,9890;0,993
13,814000;-0,0904;0,0645;1,0021;1,008
13,824000;-0,1075;0,0640;0,9904;0,998
13,834000;-0,1080;0,0601;0,9762;0,984
13,845000;-0,1055;0,0669;0,9621;0,970
13,854000;-0,1134;0,0738;0,9665;0,976
13,866000;-0,1114;0,0743;0,9645;0,974
13,874000;-0,0953;0,0811;0,9499;0,958
13,884000;-0,0787;0,0855;0,9367;0,944
13,895000;-0,0679;0,0850;0,9416;0,948
13,904000;-0,0508;0,0880;0,9513;0,957
13,915000;-0,0342;0,0914;0,9279;0,933
13,925000;-0,0205;0,0914;0,9118;0,917
13,935000;-0,0147;0,0826;0,9088;0,913
13,945000;-0,0054;0,0777;0,9303;0,934
13,955000;-0,0244;0,0650;0,9381;0,941
13,970000;-0,0352;0,0713;0,9606;0,964
13,975000;-0,0459;0,0870;0,9777;0,983
14,001000;-0,0669;0,0889;0,9904;0,997
14,002000;-0,0826;0,0826;1,0075;1,014
14,005000;-0,0777;0,0704;1,0041;1,010
14,015000;-0,0606;0,0635;1,0051;1,009
14,025000;-0,0313;0,0581;1,0212;1,023
14,035000;-0,0137;0,0679;1,0539;1,056
14,045000;-0,0151;0,0708;1,0837;1,086
14,055000;-0,0371;0,0752;1,0740;1,077
14,074000;-0,0518;0,0782;1,0481;1,052
14,075000;-0,0586;0,0865;1,0168;1,022
14,104000;-0,0596;0,1114;0,9802;0,988
14,106000;-0,0596;0,1319;0,9303;0,942
14,106000;-0,0474;0,1466;0,9098;0,923
14,115000;-0,0420;0,1529;0,8981;0,912
14,125000;-0,0381;0,1471;0,9005;0,913
14,135000;-0,0381;0,1456;0,9142;0,927
14,145000;-0,0381;0,1393;0,9494;0,960
14,155000;-0,0523;0,1358;0,9743;0,985
14,174000;-0,0557;0,1275;0,9797;0,990
14,175000;-0,0450;0,1295;0,9802;0,990
14,200000;-0,0308;0,1334;0,9738;0,983
14,201000;-0,0161;0,1393;0,9621;0,972
14,205000;-0,0015;0,1510;0,9464;0,958
14,215000;-0,0068;0,1637;0,9249;0,939
14,225000;-0,0117;0,1769;0,9210;0,938
14,235000;-0,0205;0,1832;0,9137;0,932
14,245000;-0,0210;0,1871;0,9347;0,953
14,255000;-0,0166;0,1847;0,9631;0,981
14,278000;-0,0156;0,1769;0,9880;1,004
14,281000;-0,0239;0,1695;0,9973;1,012
14,314000;-0,0357;0,1661;1,0153;1,029
14,315000;-0,0332;0,1735;1,0100;1,025
14,316000;-0,0176;0,1774;1,0026;1,018
14,316000;-0,0117;0,1744;0,9904;1,006
14,325000;-0,0176;0,1656;0,9694;0,984
14,335000;-0,0210;0,1627;0,9640;0,978
14,344000;-0,0215;0,1666;0,9748;0,989
14,354000;-0,0254;0,1730;0,9811;0,997
14,373000;-0,0264;0,1808;0,9679;0,985
14,375000;-0,0200;0,1779;0,9596;0,976
14,402000;-0,0098;0,1764;0,9753;0,991
14,403000;-0,0029;0,1730;1,0007;1,016
14,405000;-0,0049;0,1710;1,0090;1,023
14,415000;-0,0166;0,1725;1,0012;1,016
14,425000;-0,0239;0,1808;1,0080;1,024
14,435000;-0,0327;0,1925;0,9958;1,015
14,445000;-0,0225;0,1974;0,9587;0,979
14,455000;-0,0147;0,1998;0,9333;0,955
14,474000;-0,0103;0,2003;0,9152;0,937
14,475000;-0,0039;0,1959;0,8976;0,919
14,514000;-0,0083;0,1950;0,9034;0,924
14,515000;-0,0044;0,1959;0,9191;0,940
14,515000;0,0059;0,1901;0,9337;0,953
14,516000;0,0103;0,1886;0,9552;0,974
14,525000;0,0161;0,1823;0,9621;0,979
14,535000;0,0083;0,1754;0,9929;1,008
14,545000;0,0015;0,1764;1,0100;1,025
14,555000;-0,0078;0,1744;1,0129;1,028
14,574000;-0,0210;0,1686;0,9875;1,002
14,575000;-0,0215;0,1632;0,9665;0,980
14,603000;-0,0254;0,1686;0,9508;0,966
14,604000;-0,0200;0,1735;0,9323;0,948
14,604000;-0,0244;0,1715;0,9293;0,945
14,615000;-0,0230;0,1764;0,9513;0,968
14,625000;-0,0274;0,1871;0,9616;0,980
14,635000;-0,0322;0,1823;0,9489;0,967
14,644000;-0,0347;0,1652;0,9464;0,961
14,655000;-0,0318;0,1578;0,9738;0,987
14,674000;-0,0332;0,1622;0,9909;1,005
14,675000;-0,0371;0,1622;0,9890;1,003
14,711000;-0,0396;0,1578;0,9762;0,990
14,712000;-0,0469;0,1515;0,9660;0,979
14,713000;-0,0547;0,1476;0,9670;0,980
14,715000;-0,0679;0,1412;0,9787;0,991
14,725000;-0,0679;0,1261;0,9885;0,999
14,735000;-0,0865;0,1031;1,0109;1,020
14,745000;-0,0997;0,0992;1,0442;1,054
14,755000;-0,1016;0,1094;1,0749;1,085
14,774000;-0,1055;0,1046;1,0696;1,080
14,775000;-0,1002;0,1129;1,0534;1,064
14,810000;-0,0923;0,1226;1,0393;1,051
14,811000;-0,0792;0,1236;1,0168;1,027
14,812000;-0,0621;0,1339;0,9963;1,007
14,819000;-0,0401;0,1446;0,9909;1,002
14,824000;-0,0235;0,1554;0,9782;0,991
14,834000;-0,0235;0,1612;0,9611;0,975
14,845000;-0,0327;0,1686;0,9440;0,959
14,855000;-0,0415;0,1676;0,9435;0,959
14,866000;-0,0528;0,1593;0,9450;0,960
14,875000;-0,0684;0,1485;0,9538;0,968
14,891000;-0,0733;0,1446;0,9489;0,963
14,895000;-0,0694;0,1495;0,9337;0,948
14,921000;-0,0640;0,1495;0,9362;0,950
14,923000;-0,0650;0,1466;0,9440;0,958
14,925000;-0,0743;0,1412;0,9499;0,963
14,935000;-0,0748;0,1373;0,9543;0,967
14,945000;-0,0767;0,1388;0,9723;0,985
14,955000;-0,0801;0,1402;0,9909;1,004
14,966000;-0,0699;0,1441;0,9982;1,011
14,975000;-0,0718;0,1275;0,9855;0,996
14,991000;-0,0645;0,1207;0,9909;1,000
14,995000;-0,0533;0,1266;0,9860;0,996
15,033000;-0,0508;0,1295;0,9733;0,983
15,034000;-0,0425;0,1329;0,9587;0,969
15,036000;-0,0362;0,1329;0,9479;0,958
15,037000;-0,0337;0,1339;0,9464;0,956
15,045000;-0,0357;0,1373;0,9596;0,970
15,054000;-0,0586;0,1334;0,9767;0,988
15,066000;-0,0752;0,1236;0,9914;1,002
15,074000;-0,0772;0,1212;0,9719;0,982
15,089000;-0,0650;0,1226;0,9699;0,980
15,094000;-0,0450;0,1226;0,9689;0,978
15,115000;-0,0279;0,1222;0,9738;0,982
15,116000;-0,0220;0,1295;0,9811;0,990
15,124000;-0,0274;0,1314;0,9826;0,992
15,134000;-0,0425;0,1334;0,9943;1,004
15,144000;-0,0489;0,1285;0,9904;1,000
15,154000;-0,0474;0,1309;0,9719;0,982
15,165000;-0,0435;0,1358;0,9562;0,967
15,174000;-0,0459;0,1358;0,9635;0,974
15,184000;-0,0327;0,1466;0,9709;0,982
15,194000;-0,0303;0,1461;0,9611;0,973
15,204000;-0,0235;0,1471;0,9591;0,971
15,225000;-0,0147;0,1441;0,9738;0,985
15,225000;-0,0191;0,1373;0,9753;0,985
15,234000;-0,0215;0,1388;0,9631;0,973
15,244000;-0,0225;0,1344;0,9665;0,976
15,254000;-0,0298;0,1280;0,9670;0,976
15,265000;-0,0347;0,1275;0,9577;0,967
15,274000;-0,0200;0,1270;0,9738;0,982
15,284000;-0,0083;0,1275;0,9733;0,982
15,294000;-0,0103;0,1305;0,9719;0,981
15,304000;-0,0049;0,1314;0,9816;0,990
15,314000;-0,0083;0,1329;0,9723;0,981
15,324000;-0,0181;0,1290;0,9533;0,962
15,334000;-0,0318;0,1329;0,9381;0,948
15,344000;-0,0435;0,1480;0,9386;0,951
15,354000;-0,0435;0,1578;0,9533;0,967
15,364000;-0,0386;0,1559;0,9445;0,958
15,374000;-0,0401;0,1549;0,9342;0,948
15,386000;-0,0103;0,1549;0,9254;0,938
15,394000;-0,0176;0,1471;0,8946;0,907
15,404000;-0,0396;0,1407;0,8912;0,903
15,414000;-0,0474;0,1441;0,9127;0,925
15,424000;-0,0508;0,1451;0,9567;0,969
15,434000;-0,0640;0,1397;0,9948;1,007
15,444000;-0,0635;0,1270;1,0070;1,017
15,454000;-0,0596;0,1305;1,0095;1,020
15,464000;-0,0489;0,1266;0,9958;1,005
15,474000;-0,0381;0,1138;1,0158;1,023
15,487000;-0,0098;0,1065;1,0276;1,033
